start time: Sun Feb 16 11:33:43 EST 2025

RTBT_Diag:WS24

Name	X Fit	X RMS	Y Fit	Y RMS	Z Fit	Z RMS
-------	-----	-----	-----	-----	-----	-----
Area	41.15657109902298	32.394407821289064	42.8252146227174	36.14205403645833	38.73872929729603	32.824407581087236
Ampl	0.611736724761052	0.5520507812500001	0.7789875804586034	0.751171875	0.9513890543058363	0.93681640625
Mean	104.75365815003816	105.63513741130716	101.42836404825862	101.49219645533904	111.49188806557513	110.71559081190048
Sigma	26.84013508288443	19.05071555074096	21.93204257532521	15.886798381950651	16.244161035669237	11.745247216138909
Offset	-0.04799972145016739	-0.0044921875	-0.030355104337997887	-0.011572265625000001	-0.02495038278233496	-0.0068359375
Slope	0.0	0.0	0.0	0.0	0.0	0.0

Position	X Raw	Y Raw	Z Raw
--------	-----	-----	-----
25.0		-0.0041015625	-0.0115234375	-0.006640625	17.67775	17.67775	25.0
28.0		-0.0048828125	-0.01162109375	-0.00703125	19.79908	19.79908	28.0
31.0		-0.005078125	-0.01201171875	-0.0072265625	21.92041	21.92041	31.0
34.0		-0.0046875	-0.01201171875	-0.0072265625	24.04174	24.04174	34.0
37.0		-0.00537109375	-0.01259765625	-0.0080078125	26.16307	26.16307	37.0
40.0		-0.00576171875	-0.0130859375	-0.00830078125	28.2844	28.2844	40.0
43.0		-0.00576171875	-0.012890625	-0.00751953125	30.405730000000002	30.405730000000002	43.0
46.0		-0.00556640625	-0.01318359375	-0.00810546875	32.52706	32.52706	46.0
49.0		-0.00546875	-0.0134765625	-0.0083984375	34.64839	34.64839	49.0
52.0		-0.0056640625	-0.01298828125	-0.00703125	36.76972	36.76972	52.0
55.0		-0.00576171875	-0.0140625	-0.00859375	38.89105	38.89105	55.0
58.0		-0.00625	-0.01376953125	-0.008203125	41.01238	41.01238	58.0
61.0		-0.00625	-0.01220703125	-0.00810546875	43.13371	43.13371	61.0
64.0		-0.00654296875	0.001171875	-0.008984375	45.25504	45.25504	64.0
67.0		-0.00673828125	0.0447265625	-0.008984375	47.37637	47.37637	67.0
70.0		-0.0064453125	0.13125	-0.00888671875	49.4977	49.4977	70.0
73.0		-0.007421875	0.25185546875	-0.00986328125	51.61903	51.61903	73.0
76.0		-0.00693359375	0.3732421875	-0.0091796875	53.74036	53.74036	76.0
79.0		-0.00693359375	0.48037109375	-0.00908203125	55.86169	55.86169	79.0
82.0		-0.00478515625	0.56123046875	-0.0095703125	57.98302	57.98302	82.0
85.0		-0.0013671875	0.61455078125	-0.0099609375	60.104350000000004	60.104350000000004	85.0
88.0		0.01328125	0.65537109375	-0.00966796875	62.225680000000004	62.225680000000004	88.0
91.0		0.03642578125	0.68466796875	-0.0095703125	64.34701	64.34701	91.0
94.0		0.07294921875	0.7078125	-0.0107421875	66.46834	66.46834	94.0
97.0		0.119921875	0.7212890625	-0.01015625	68.58967	68.58967	97.0
100.0		0.17802734375	0.7291015625	-0.0107421875	70.711	70.711	100.0
103.0		0.23984375	0.72802734375	-0.01064453125	72.83233	72.83233	103.0
106.0		0.28740234375	0.7208984375	-0.01123046875	74.95366	74.95366	106.0
109.0		0.34130859375	0.7060546875	-0.01015625	77.07499	77.07499	109.0
112.0		0.3833984375	0.68974609375	-0.00791015625	79.19632	79.19632	112.0
115.0		0.41396484375	0.6568359375	0.0037109375	81.31765	81.31765	115.0
118.0		0.4400390625	0.61591796875	0.04609375	83.43898	83.43898	118.0
121.0		0.46171875	0.5548828125	0.13212890625	85.56031	85.56031	121.0
124.0		0.4830078125	0.47958984375	0.2404296875	87.68164	87.68164	124.0
127.0		0.49130859375	0.37373046875	0.3595703125	89.80297	89.80297	127.0
130.0		0.50732421875	0.25205078125	0.46962890625	91.9243	91.9243	130.0
133.0		0.51728515625	0.13447265625	0.55869140625	94.04563	94.04563	133.0
136.0		0.52978515625	0.04560546875	0.63701171875	96.16696	96.16696	136.0
139.0		0.53486328125	-4.8828125E-4	0.6966796875	98.28829	98.28829	139.0
142.0		0.53935546875	-0.0125	0.76484375	100.40962	100.40962	142.0
145.0		0.538671875	-0.0134765625	0.806640625	102.53095	102.53095	145.0
148.0		0.54462890625	-0.0140625	0.84765625	104.65228	104.65228	148.0
151.0		0.54306640625	-0.0140625	0.88525390625	106.77361	106.77361	151.0
154.0		0.5373046875	-0.0130859375	0.91845703125	108.89494	108.89494	154.0
157.0		0.53662109375	-0.013671875	0.92314453125	111.01627	111.01627	157.0
160.0		0.53056640625	-0.01328125	0.91748046875	113.1376	113.1376	160.0
163.0		0.5240234375	-0.01328125	0.90205078125	115.25893	115.25893	163.0
166.0		0.51416015625	-0.0126953125	0.86396484375	117.38026	117.38026	166.0
169.0		0.50380859375	-0.012109375	0.82275390625	119.50159000000001	119.50159000000001	169.0
172.0		0.49306640625	-0.01220703125	0.77431640625	121.62292000000001	121.62292000000001	172.0
175.0		0.4771484375	-0.01162109375	0.71279296875	123.74425000000001	123.74425000000001	175.0
178.0		0.458984375	-0.0115234375	0.62978515625	125.86558000000001	125.86558000000001	178.0
181.0		0.43994140625	-0.01142578125	0.55634765625	127.98691000000001	127.98691000000001	181.0
184.0		0.41552734375	-0.0103515625	0.45390625	130.10824	130.10824	184.0
187.0		0.37978515625	-0.0109375	0.33037109375	132.22957	132.22957	187.0
190.0		0.33857421875	-0.01015625	0.20791015625	134.3509	134.3509	190.0
193.0		0.29404296875	-0.01025390625	0.08857421875	136.47223	136.47223	193.0
196.0		0.23193359375	-0.01025390625	0.01640625	138.59356	138.59356	196.0
199.0		0.17197265625	-0.01025390625	-0.00830078125	140.71489	140.71489	199.0
202.0		0.11875	-0.01064453125	-0.01357421875	142.83622	142.83622	202.0
205.0		0.07509765625	-0.0095703125	-0.0130859375	144.95755	144.95755	205.0
208.0		0.03642578125	-0.009765625	-0.0134765625	147.07888	147.07888	208.0
211.0		0.01259765625	-0.01044921875	-0.0134765625	149.20021	149.20021	211.0
214.0		-7.8125E-4	-0.0099609375	-0.0130859375	151.32154	151.32154	214.0
217.0		-0.0056640625	-0.009765625	-0.0126953125	153.44287	153.44287	217.0
220.0		-0.0072265625	-0.00927734375	-0.01259765625	155.5642	155.5642	220.0
223.0		-0.0076171875	-0.00966796875	-0.012109375	157.68553	157.68553	223.0
226.0		-0.00732421875	-0.0091796875	-0.01201171875	159.80686	159.80686	226.0
229.0		-0.0068359375	-0.009765625	-0.0119140625	161.92819	161.92819	229.0
232.0		-0.007421875	-0.009375	-0.01201171875	164.04952	164.04952	232.0
235.0		-0.006640625	-0.00927734375	-0.01142578125	166.17085	166.17085	235.0
238.0		-0.00673828125	-0.01005859375	-0.012109375	168.29218	168.29218	238.0
241.0		-0.00703125	-0.0099609375	-0.01162109375	170.41351	170.41351	241.0
244.0		-0.006640625	-0.00966796875	-0.01123046875	172.53484	172.53484	244.0
247.0		-0.0064453125	-0.009375	-0.0109375	174.65617	174.65617	247.0
250.0		-0.00537109375	-0.00888671875	-0.01064453125	176.7775	176.7775	250.0
253.0		-0.00595703125	-0.00947265625	-0.01103515625	178.89883	178.89883	253.0
256.0		-0.00556640625	-0.009765625	-0.010546875	181.02016	181.02016	256.0
259.0		-0.0060546875	-0.00927734375	-0.0111328125	183.14149	183.14149	259.0
262.0		-0.0056640625	-0.008984375	-0.01044921875	185.26282	185.26282	262.0
265.0		-0.00537109375	-0.0091796875	-0.01005859375	187.38415	187.38415	265.0
268.0		-0.0056640625	-0.00947265625	-0.01015625	189.50548	189.50548	268.0
271.0		-0.0044921875	-0.0083984375	-0.00986328125	191.62681	191.62681	271.0
274.0		-0.0046875	-0.00908203125	-0.00986328125	193.74814	193.74814	274.0
277.0		-0.00498046875	-0.0091796875	-0.00927734375	195.86947	195.86947	277.0
280.0		-0.005078125	-0.00908203125	-0.0099609375	197.9908	197.9908	280.0
283.0		-0.0041015625	-0.00908203125	-0.009375	200.11213	200.11213	283.0
286.0		-0.0044921875	-0.008984375	-0.00927734375	202.23346	202.23346	286.0
289.0		-0.0037109375	-0.00869140625	-0.008984375	204.35479	204.35479	289.0
292.0		-0.00478515625	-0.009375	-0.0087890625	206.47612	206.47612	292.0

Position	X Fit	Y Fit	Z Fit
--------	-----	-----	-----
25.0		-0.044874383756887834	-0.028486551325040087	-0.02434399746411882	17.67775	17.67775	25.0
28.0		-0.04396027389933139	-0.02741495646169378	-0.02434393673688479	19.79908	19.79908	28.0
31.0		-0.042815472254591716	-0.02579009092260313	-0.024343812901603448	21.92041	21.92041	31.0
34.0		-0.041391593128173025	-0.02337609401965243	-0.02434356477383925	24.04174	24.04174	34.0
37.0		-0.03963280945607707	-0.019862746104546584	-0.024343076273502778	26.16307	26.16307	37.0
40.0		-0.03747540106550432	-0.014854403130376033	-0.024342131341596313	28.2844	28.2844	40.0
43.0		-0.03484745868968495	-0.007862949975698998	-0.024340335496159125	30.405730000000002	30.405730000000002	43.0
46.0		-0.031668797171808906	0.0016922504199988302	-0.024336982324410394	32.52706	32.52706	46.0
49.0		-0.027851134942160457	0.014474081483385564	-0.02433083132782391	34.64839	34.64839	49.0
52.0		-0.023298598258603847	0.03120381244602072	-0.024319746698564966	36.76972	36.76972	52.0
55.0		-0.017908607212321535	0.05262107299763037	-0.02430012373604574	38.89105	38.89105	55.0
58.0		-0.011573195506136065	0.0794264975125275	-0.02426600006033343	41.01238	41.01238	58.0
61.0		-0.00418080699490115	0.11220804591875924	-0.02420771286165711	43.13371	43.13371	61.0
64.0		0.004381401424051697	0.1513548089395652	-0.024109923186932315	45.25504	45.25504	64.0
67.0		0.014224738908569602	0.19696522199586003	-0.023948788412013224	47.37637	47.37637	67.0
70.0		0.02545565240907715	0.24875955920053064	-0.023688032932291096	49.4977	49.4977	70.0
73.0		0.03817192793366465	0.3060087524746201	-0.02327365749613804	51.61903	51.61903	73.0
76.0		0.05245848756378293	0.36749235916484124	-0.02262705689577351	53.74036	53.74036	76.0
79.0		0.0683828796835004	0.43149738052217096	-0.02163640505210689	55.86169	55.86169	79.0
82.0		0.0859905914855654	0.4958663693341847	-0.020146338296490394	57.98302	57.98302	82.0
85.0		0.10530034293200191	0.5580979897193525	-0.01794624109965567	60.104350000000004	60.104350000000004	85.0
88.0		0.12629954791148898	0.61549646382987	-0.014757823169140734	62.225680000000004	62.225680000000004	88.0
91.0		0.14894014918298465	0.665359103680619	-0.010223164491510141	64.34701	64.34701	91.0
94.0		0.17313504669651467	0.7051845748648011	-0.0038949611105184682	66.46834	66.46834	94.0
97.0		0.19875534210953594	0.732879897090264	0.004768738026689808	68.58967	68.58967	97.0
100.0		0.22562861421252883	0.7469424557413595	0.016402556095027672	70.711	70.711	100.0
103.0		0.25353841951675044	0.7465950245396217	0.031721603987035045	72.83233	72.83233	103.0
106.0		0.2822251790961978	0.7318569193450198	0.05149626947934469	74.95366	74.95366	106.0
109.0		0.3113885673601767	0.703542219397759	0.07651183062243927	77.07499	77.07499	109.0
112.0		0.340691462059118	0.6631852839123981	0.10751201435313282	79.19632	79.19632	112.0
115.0		0.3697654496445812	0.6129030462322845	0.14512750057814353	81.31765	81.31765	115.0
118.0		0.3982178090542998	0.5552112794855228	0.18979275021258238	83.43898	83.43898	118.0
121.0		0.4256398236717702	0.49281699644889065	0.24165716863980263	85.56031	85.56031	121.0
124.0		0.4516161996767059	0.4284107032166964	0.3004991316140373	87.68164	87.68164	124.0
127.0		0.47573530353136356	0.36448033957928017	0.3656533362585463	89.80297	89.80297	127.0
130.0		0.4975998761416111	0.303163980348292	0.4359628120626526	91.9243	91.9243	130.0
133.0		0.516837840123231	0.2461517590669741	0.5097663246981778	94.04563	94.04563	133.0
136.0		0.5331127927627665	0.19464023738562433	0.5849295921459305	96.16696	96.16696	136.0
139.0		0.5461337729349148	0.149335765765701	0.6589247325320196	98.28829	98.28829	139.0
142.0		0.5556639065452225	0.11049819272357789	0.7289570113951138	100.40962	100.40962	142.0
145.0		0.5615275718732498	0.07801311851457997	0.7921318904817988	102.53095	102.53095	145.0
148.0		0.5636157820696731	0.05147986707273941	0.845649466167546	104.65228	104.65228	148.0
151.0		0.561889554347197	0.030303208045834928	0.8870085819810415	106.77361	106.77361	151.0
154.0		0.5563811203514891	0.013779085839924734	0.9142000854044919	108.89494	108.89494	154.0
157.0		0.5471929252082565	0.0011675809572375372	0.9258684962876771	111.01627	111.01627	157.0
160.0		0.5344944586746796	-0.008250559829455408	0.921423986667391	113.1376	113.1376	160.0
163.0		0.5185170553379781	-0.015134711657667992	0.9010917936417541	115.25893	115.25893	163.0
166.0		0.4995468867252862	-0.020061227256557908	0.8658933023660762	117.38026	117.38026	166.0
169.0		0.4779164418551985	-0.02351373184624435	0.8175610109851892	119.50159000000001	119.50159000000001	169.0
172.0		0.4539948503321593	-0.025883582769425487	0.7583972334265221	121.62292000000001	121.62292000000001	172.0
175.0		0.42817744078549924	-0.027477171971191042	0.6910925795520555	123.74425000000001	123.74425000000001	175.0
178.0		0.4008749457361578	-0.028527118575343194	0.6185241083699156	125.86558000000001	125.86558000000001	178.0
181.0		0.3725027615788118	-0.029204998167263827	0.5435541223654304	127.98691000000001	127.98691000000001	181.0
184.0		0.34347065030039725	-0.02963392652768732	0.4688488757037034	130.10824	130.10824	184.0
187.0		0.31417322996516983	-0.029899944181332166	0.39673246305010146	132.22957	132.22957	187.0
190.0		0.28498154697370687	-0.030061667027186687	0.32908562316135265	134.3509	134.3509	190.0
193.0		0.2562359584303836	-0.03015805103831208	0.26729307760596976	136.47223	136.47223	193.0
196.0		0.2282404818119268	-0.03021436876530961	0.2122372571061257	138.59356	138.59356	196.0
199.0		0.20125869579831732	-0.030246633070690816	0.1643315993824559	140.71489	140.71489	199.0
202.0		0.17551120469775075	-0.030264757500596234	0.12358350920455574	142.83622	142.83622	202.0
205.0		0.15117461301997023	-0.030274741314859528	0.08967571483699602	144.95755	144.95755	205.0
208.0		0.12838189943582817	-0.03028013445622359	0.0620550068346827	147.07888	147.07888	208.0
211.0		0.10722403283441928	-0.030282991529695134	0.040018860244543965	149.20021	149.20021	211.0
214.0		0.08775263883126122	-0.030284475942493314	0.02279275636541868	151.32154	151.32154	214.0
217.0		0.06998350341629239	-0.03028523235635656	0.009593653078104988	153.44287	153.44287	217.0
220.0		0.053900691185680034	-0.030285610408947755	-3.2241605089331285E-4	155.5642	155.5642	220.0
223.0		0.039461057811665236	-0.030285795739960587	-0.0076285085179049715	157.68553	157.68553	223.0
226.0		0.0265989485555553	-0.030285884857089183	-0.01290905031350743	159.80686	159.80686	226.0
229.0		0.015230894820129397	-0.030285926891457277	-0.01665363703816029	161.92819	161.92819	229.0
232.0		0.005260146852576017	-0.0302859463401421	-0.01925940129431097	164.04952	164.04952	232.0
235.0		-0.003419089422495525	-0.030285955167477296	-0.02103906100622618	166.17085	166.17085	235.0
238.0		-0.01091781191781755	-0.030285959097845042	-0.022232133086874443	168.29218	168.29218	238.0
241.0		-0.017348847377928658	-0.03028596081460974	-0.023017323693099584	170.41351	170.41351	241.0
244.0		-0.022823981412156646	-0.030285961550260313	-0.023524673551373068	172.53484	172.53484	244.0
247.0		-0.02745160655286283	-0.030285961859520635	-0.023846561438942118	174.65617	174.65617	247.0
250.0		-0.03133487861392541	-0.030285961987069537	-0.024047102303341512	176.7775	176.7775	250.0
253.0		-0.034570353270583186	-0.030285962038679882	-0.024169799668930042	178.89883	178.89883	253.0
256.0		-0.0372470609523282	-0.03028596205916844	-0.024243527513878052	181.02016	181.02016	256.0
259.0		-0.03944596871856845	-0.030285962067148522	-0.024287040500400498	183.14149	183.14149	259.0
262.0		-0.04123977243006374	-0.03028596207019804	-0.024312264966986654	185.26282	185.26282	262.0
265.0		-0.042692960732902775	-0.030285962071341415	-0.02432662857021184	187.38415	187.38415	265.0
268.0		-0.043862093530519106	-0.03028596207176203	-0.024334663161470985	189.50548	189.50548	268.0
271.0		-0.04479624108327492	-0.03028596207191385	-0.02433907827766348	191.62681	191.62681	271.0
274.0		-0.04553753499903891	-0.030285962071967615	-0.024341461781860592	193.74814	193.74814	274.0
277.0		-0.0461217885590221	-0.0302859620719863	-0.024342725939572714	195.86947	195.86947	277.0
280.0		-0.04657915052804105	-0.03028596207199267	-0.02434338467808122	197.9908	197.9908	280.0
283.0		-0.04693476338161269	-0.030285962071994802	-0.024343721938291693	200.11213	200.11213	283.0
286.0		-0.047209403392902034	-0.0302859620719955	-0.02434389159468654	202.23346	202.23346	286.0
289.0		-0.047420086004130786	-0.030285962071995725	-0.024343975451884475	204.35479	204.35479	289.0
292.0		-0.04758062519138623	-0.030285962071995798	-0.02434401617927063	206.47612	206.47612	292.0
RTBT_Diag:WS23

Name	X Fit	X RMS	Y Fit	Y RMS	Z Fit	Z RMS
-------	-----	-----	-----	-----	-----	-----
Area	39.728705185444625	32.89825937403972	38.85223009958902	33.00822265625	39.03289943806389	31.692047565706382
Ampl	0.871163967750314	0.831640625	0.7155174783644962	0.694140625	0.6531158790226377	0.61435546875
Mean	99.56020288018809	99.59253091375835	99.48301532364505	99.31626204644793	115.81929413882696	113.80757451524386
Sigma	18.1934295159234	12.976913241792198	21.662360100608723	15.944627425234245	23.842436560880607	17.165063496547123
Offset	-0.04200344862642385	-0.014501953125	-0.023794885660294664	-0.0078125	-0.035697892005487473	-0.006103515625
Slope	0.0	0.0	0.0	0.0	0.0	0.0

Position	X Raw	Y Raw	Z Raw
--------	-----	-----	-----
25.0		-0.0146484375	-0.00771484375	-0.00576171875	17.67775	17.67775	25.0
28.0		-0.01435546875	-0.00791015625	-0.0064453125	19.79908	19.79908	28.0
31.0		-0.0150390625	-0.008203125	-0.00654296875	21.92041	21.92041	31.0
34.0		-0.01513671875	-0.00869140625	-0.006640625	24.04174	24.04174	34.0
37.0		-0.01494140625	-0.008984375	-0.00654296875	26.16307	26.16307	37.0
40.0		-0.01552734375	-0.0091796875	-0.00712890625	28.2844	28.2844	40.0
43.0		-0.01533203125	-0.008984375	-0.0068359375	30.405730000000002	30.405730000000002	43.0
46.0		-0.01552734375	-0.0091796875	-0.00703125	32.52706	32.52706	46.0
49.0		-0.01591796875	-0.01015625	-0.0068359375	34.64839	34.64839	49.0
52.0		-0.0158203125	-0.00966796875	-0.0072265625	36.76972	36.76972	52.0
55.0		-0.01572265625	-0.01005859375	-0.00703125	38.89105	38.89105	55.0
58.0		-0.0162109375	-0.00966796875	-0.00732421875	41.01238	41.01238	58.0
61.0		-0.01650390625	-0.001953125	-0.00732421875	43.13371	43.13371	61.0
64.0		-0.01669921875	0.034765625	-0.007421875	45.25504	45.25504	64.0
67.0		-0.016796875	0.1072265625	-0.0078125	47.37637	47.37637	67.0
70.0		-0.0158203125	0.20556640625	-0.00693359375	49.4977	49.4977	70.0
73.0		-0.01630859375	0.31015625	-0.00703125	51.61903	51.61903	73.0
76.0		-0.0158203125	0.404296875	-0.00703125	53.74036	53.74036	76.0
79.0		-0.0154296875	0.48349609375	-0.0064453125	55.86169	55.86169	79.0
82.0		-0.01591796875	0.5447265625	-0.007421875	57.98302	57.98302	82.0
85.0		-0.0158203125	0.5869140625	-0.00771484375	60.104350000000004	60.104350000000004	85.0
88.0		-0.016015625	0.62626953125	-0.00771484375	62.225680000000004	62.225680000000004	88.0
91.0		-0.01533203125	0.64736328125	-0.008203125	64.34701	64.34701	91.0
94.0		-0.0140625	0.6650390625	-0.00810546875	66.46834	66.46834	94.0
97.0		-5.859375E-4	0.67216796875	-0.00634765625	68.58967	68.58967	97.0
100.0		0.04267578125	0.678515625	4.8828125E-4	70.711	70.711	100.0
103.0		0.1234375	0.6728515625	0.0130859375	72.83233	72.83233	103.0
106.0		0.2201171875	0.65986328125	0.039453125	74.95366	74.95366	106.0
109.0		0.3443359375	0.63916015625	0.078125	77.07499	77.07499	109.0
112.0		0.45185546875	0.61484375	0.12978515625	79.19632	79.19632	112.0
115.0		0.52939453125	0.57685546875	0.18095703125	81.31765	81.31765	115.0
118.0		0.60078125	0.52421875	0.238671875	83.43898	83.43898	118.0
121.0		0.651171875	0.45087890625	0.28740234375	85.56031	85.56031	121.0
124.0		0.69365234375	0.3623046875	0.33427734375	87.68164	87.68164	124.0
127.0		0.72021484375	0.25537109375	0.37666015625	89.80297	89.80297	127.0
130.0		0.74990234375	0.1509765625	0.4154296875	91.9243	91.9243	130.0
133.0		0.769921875	0.05888671875	0.444921875	94.04563	94.04563	133.0
136.0		0.79501953125	0.00751953125	0.4705078125	96.16696	96.16696	136.0
139.0		0.80361328125	-0.006640625	0.49111328125	98.28829	98.28829	139.0
142.0		0.80263671875	-0.0078125	0.521484375	100.40962	100.40962	142.0
145.0		0.79521484375	-0.00888671875	0.5349609375	102.53095	102.53095	145.0
148.0		0.79619140625	-0.00859375	0.55302734375	104.65228	104.65228	148.0
151.0		0.7802734375	-0.008984375	0.571875	106.77361	106.77361	151.0
154.0		0.75615234375	-0.007421875	0.58876953125	108.89494	108.89494	154.0
157.0		0.7283203125	-0.00771484375	0.59580078125	111.01627	111.01627	157.0
160.0		0.69091796875	-0.00810546875	0.6021484375	113.1376	113.1376	160.0
163.0		0.6365234375	-0.0083984375	0.60830078125	115.25893	115.25893	163.0
166.0		0.57177734375	-0.00654296875	0.60654296875	117.38026	117.38026	166.0
169.0		0.47890625	-0.00771484375	0.59677734375	119.50159000000001	119.50159000000001	169.0
172.0		0.36611328125	-0.00732421875	0.5802734375	121.62292000000001	121.62292000000001	172.0
175.0		0.24990234375	-0.0078125	0.56796875	123.74425000000001	123.74425000000001	175.0
178.0		0.133203125	-0.00625	0.5501953125	125.86558000000001	125.86558000000001	178.0
181.0		0.03388671875	-0.0072265625	0.52705078125	127.98691000000001	127.98691000000001	181.0
184.0		-0.00439453125	-0.00654296875	0.505859375	130.10824	130.10824	184.0
187.0		-0.016796875	-0.0068359375	0.4791015625	132.22957	132.22957	187.0
190.0		-0.017578125	-0.00654296875	0.44951171875	134.3509	134.3509	190.0
193.0		-0.01708984375	-0.005859375	0.41826171875	136.47223	136.47223	193.0
196.0		-0.01767578125	-0.00537109375	0.38076171875	138.59356	138.59356	196.0
199.0		-0.01748046875	-0.00537109375	0.334375	140.71489	140.71489	199.0
202.0		-0.01787109375	-0.0060546875	0.287109375	142.83622	142.83622	202.0
205.0		-0.01796875	-0.00654296875	0.23046875	144.95755	144.95755	205.0
208.0		-0.01728515625	-0.00537109375	0.17646484375	147.07888	147.07888	208.0
211.0		-0.01748046875	-0.005078125	0.11494140625	149.20021	149.20021	211.0
214.0		-0.01728515625	-0.00537109375	0.063671875	151.32154	151.32154	214.0
217.0		-0.01728515625	-0.0060546875	0.02353515625	153.44287	153.44287	217.0
220.0		-0.01708984375	-0.00576171875	9.765625E-5	155.5642	155.5642	220.0
223.0		-0.016796875	-0.00595703125	-0.0091796875	157.68553	157.68553	223.0
226.0		-0.01669921875	-0.00576171875	-0.01201171875	159.80686	159.80686	226.0
229.0		-0.0166015625	-0.00546875	-0.0125	161.92819	161.92819	229.0
232.0		-0.01669921875	-0.00576171875	-0.0123046875	164.04952	164.04952	232.0
235.0		-0.01630859375	-0.00537109375	-0.0119140625	166.17085	166.17085	235.0
238.0		-0.015625	-0.0052734375	-0.01142578125	168.29218	168.29218	238.0
241.0		-0.01630859375	-0.005859375	-0.01181640625	170.41351	170.41351	241.0
244.0		-0.016015625	-0.00556640625	-0.01142578125	172.53484	172.53484	244.0
247.0		-0.01640625	-0.00537109375	-0.01171875	174.65617	174.65617	247.0
250.0		-0.015234375	-0.005078125	-0.0111328125	176.7775	176.7775	250.0
253.0		-0.01591796875	-0.00537109375	-0.0103515625	178.89883	178.89883	253.0
256.0		-0.01552734375	-0.0048828125	-0.0109375	181.02016	181.02016	256.0
259.0		-0.01533203125	-0.00546875	-0.010546875	183.14149	183.14149	259.0
262.0		-0.01552734375	-0.00546875	-0.0103515625	185.26282	185.26282	262.0
265.0		-0.01533203125	-0.00498046875	-0.01044921875	187.38415	187.38415	265.0
268.0		-0.01572265625	-0.00556640625	-0.01015625	189.50548	189.50548	268.0
271.0		-0.01494140625	-0.00517578125	-0.00986328125	191.62681	191.62681	271.0
274.0		-0.0150390625	-0.00556640625	-0.009375	193.74814	193.74814	274.0
277.0		-0.0150390625	-0.0052734375	-0.0095703125	195.86947	195.86947	277.0
280.0		-0.01474609375	-0.0052734375	-0.00947265625	197.9908	197.9908	280.0
283.0		-0.01455078125	-0.00517578125	-0.0095703125	200.11213	200.11213	283.0
286.0		-0.01513671875	-0.00498046875	-0.009375	202.23346	202.23346	286.0
289.0		-0.0146484375	-0.00537109375	-0.00869140625	204.35479	204.35479	289.0
292.0		-0.01455078125	-0.00556640625	-0.00888671875	206.47612	206.47612	292.0

Position	X Fit	Y Fit	Z Fit
--------	-----	-----	-----
25.0		-0.04179944804658167	-0.021787787760859063	-0.03528901511841218	17.67775	17.67775	25.0
28.0		-0.041775737515515554	-0.020634450201053683	-0.0352292821903002	19.79908	19.79908	28.0
31.0		-0.041737274833871206	-0.01888925759042462	-0.035145699893441205	21.92041	21.92041	31.0
34.0		-0.041675767471261456	-0.016303326862610643	-0.03502972532431302	24.04174	24.04174	34.0
37.0		-0.04157880890527891	-0.012551836957029026	-0.03487015608258679	26.16307	26.16307	37.0
40.0		-0.04142814905736818	-0.007224375962836302	-0.03465245388707269	28.2844	28.2844	40.0
43.0		-0.04119739989367089	1.7968380386350694E-4	-0.03435794925040058	30.405730000000002	30.405730000000002	43.0
46.0		-0.0408490697241528	0.010247629115721357	-0.03396292405850705	32.52706	32.52706	46.0
49.0		-0.040330836457754864	0.023638301586097615	-0.033437575603371926	34.64839	34.64839	49.0
52.0		-0.03957100869162851	0.04105238103946266	-0.03274487466631189	36.76972	36.76972	52.0
55.0		-0.03847319069463559	0.06318597850421509	-0.031839341792476966	38.89105	38.89105	55.0
58.0		-0.036910268714473164	0.09066722793368875	-0.030665779909333425	41.01238	41.01238	58.0
61.0		-0.034717974579403954	0.12397807390703433	-0.02915801766148666	43.13371	43.13371	61.0
64.0		-0.03168845668902444	0.16336648473975776	-0.02723773570520872	45.25504	45.25504	64.0
67.0		-0.027564489989774118	0.20875746747040486	-0.024813466830147117	47.37637	47.37637	67.0
70.0		-0.022035168834229492	0.2596739519504437	-0.02177987888526345	49.4977	49.4977	70.0
73.0		-0.014734123807401418	0.31518019447288853	-0.01801746544815579	51.61903	51.61903	73.0
76.0		-0.00524145078194576	0.37386022309185013	-0.01339278103808307	53.74036	53.74036	76.0
79.0		0.0069094039528968185	0.4338416023077834	-0.007759363252422186	55.86169	55.86169	79.0
82.0		0.02221863846997664	0.49287037060426686	-9.594812416391651E-4	57.98302	57.98302	82.0
85.0		0.04120006045083316	0.548436769635104	0.007173163717343001	60.104350000000004	60.104350000000004	85.0
88.0		0.06435356925816986	0.5979441461469321	0.016809685924992553	62.225680000000004	62.225680000000004	88.0
91.0		0.09213036272959488	0.6389063133331759	0.02812115139557038	64.34701	64.34701	91.0
94.0		0.12489191829800392	0.6691529950981309	0.04127259626947169	66.46834	66.46834	94.0
97.0		0.16286475897898556	0.6870199138975644	0.056415988056362554	68.58967	68.58967	97.0
100.0		0.2060939981077419	0.6915004059003002	0.07368226777506173	70.711	70.711	100.0
103.0		0.2543995356177655	0.6823393541246743	0.093172695709065	72.83233	72.83233	103.0
106.0		0.3073394091122592	0.6600572456540662	0.11494981023175041	74.95366	74.95366	106.0
109.0		0.36418504300154697	0.6259011969568411	0.139028391694664	77.07499	77.07499	109.0
112.0		0.4239128720937483	0.5817293582268116	0.1653668945659529	79.19632	79.19632	112.0
115.0		0.48521597553863505	0.5298436023350237	0.19385986333554453	81.31765	81.31765	115.0
118.0		0.5465379466468497	0.47279144306486176	0.22433187391684598	83.43898	83.43898	118.0
121.0		0.6061293303355253	0.41316081874926025	0.25653353610574847	85.56031	85.56031	121.0
124.0		0.6621247523815619	0.3533904786061514	0.29014004956855755	87.68164	87.68164	124.0
127.0		0.7126365821433409	0.2956146369738121	0.32475272369608243	89.80297	89.80297	127.0
130.0		0.7558588934313966	0.24155426047557654	0.3599037513152006	91.9243	91.9243	130.0
133.0		0.7901739006879068	0.19246006606064858	0.3950643718113278	94.04563	94.04563	133.0
136.0		0.8142521937499003	0.14910530019885934	0.42965637813416857	96.16696	96.16696	136.0
139.0		0.8271381377833524	0.1118206886330469	0.46306672493184753	98.28829	98.28829	139.0
142.0		0.8283127973970004	0.08056025425276875	0.49466479461617785	100.40962	100.40962	142.0
145.0		0.8177286108293148	0.054985212370277	0.5238216889518179	102.53095	102.53095	145.0
148.0		0.7958125851211616	0.03455367314169899	0.5499307505929226	104.65228	104.65228	148.0
151.0		0.7634377131125583	0.01860591936928091	0.5724283957399025	106.77361	106.77361	151.0
154.0		0.7218652788798705	0.006437947665935983	0.5908142673973379	108.89494	108.89494	154.0
157.0		0.6726633655771473	-0.0026408740786092663	0.6046697068056126	111.01627	111.01627	157.0
160.0		0.6176089005474783	-0.009267291755103402	0.61367359237294	113.1376	113.1376	160.0
163.0		0.5585817488670161	-0.013999783791513294	0.6176147098262907	115.25893	115.25893	163.0
166.0		0.49745959829264885	-0.017307809997753353	0.6163999882825819	117.38026	117.38026	166.0
169.0		0.43602169324421547	-0.01957145214552657	0.610058153803059	119.50159000000001	119.50159000000001	169.0
172.0		0.37586801636319944	-0.02108810540262732	0.5987386001655822	121.62292000000001	121.62292000000001	172.0
175.0		0.31835851454744535	-0.022083223273522936	0.5827055388380384	123.74425000000001	123.74425000000001	175.0
178.0		0.2645747016586606	-0.022722713758402034	0.5623277480217537	125.86558000000001	125.86558000000001	178.0
181.0		0.21530372680460438	-0.0231252635064988	0.5380644760912937	127.98691000000001	127.98691000000001	181.0
184.0		0.17104302493726484	-0.02337350792112478	0.5104482516381855	130.10824	130.10824	184.0
187.0		0.13202215040904167	-0.02352349617072796	0.4800654977491845	132.22957	132.22957	187.0
190.0		0.09823743751887995	-0.02361229182638901	0.44753593352316057	134.3509	134.3509	190.0
193.0		0.06949475448102752	-0.023663804959488763	0.413491767454924	136.47223	136.47223	193.0
196.0		0.045455764520587194	-0.023693091470552742	0.3785576465147338	138.59356	138.59356	196.0
199.0		0.025683671483429843	-0.023709409564843655	0.34333222754640325	140.71489	140.71489	199.0
202.0		0.009685268577740214	-0.02371832103743949	0.3083720939602318	142.83622	142.83622	202.0
205.0		-0.003052917679523204	-0.023723091182229396	0.27417856346053804	144.95755	144.95755	205.0
208.0		-0.013035622054148793	-0.023725594047508892	0.2411877362016304	147.07888	147.07888	208.0
211.0		-0.020737336028229785	-0.02372688136948246	0.20976393210454317	149.20021	149.20021	211.0
214.0		-0.02658796590997134	-0.023727530450702465	0.180196474955266	151.32154	151.32154	214.0
217.0		-0.0309648182591333	-0.023727851291782277	0.15269961122639855	153.44287	153.44287	217.0
220.0		-0.03418978422188687	-0.02372800677215503	0.12741521243751516	155.5642	155.5642	220.0
223.0		-0.03653048265123774	-0.023728080642529646	0.10441780719217814	157.68553	157.68553	223.0
226.0		-0.038204154006732854	-0.023728115052757293	0.08372142535123014	159.80686	159.80686	226.0
229.0		-0.039383229457088824	-0.023728130768674888	0.06528771150865056	161.92819	161.92819	229.0
232.0		-0.04020168988928179	-0.023728137806499894	0.049034774689210095	164.04952	164.04952	232.0
235.0		-0.04076154119075013	-0.023728140896756133	0.03484628054485968	166.17085	166.17085	235.0
238.0		-0.041138937430728405	-0.023728142227265363	0.022580354466640765	168.29218	168.29218	238.0
241.0		-0.0413896640312889	-0.02372814278898302	0.012077941487633123	170.41351	170.41351	241.0
244.0		-0.041553838942933644	-0.023728143021526326	0.0031703542131145054	172.53484	172.53484	244.0
247.0		-0.04165979847782774	-0.02372814311592882	-0.004314173516504909	174.65617	174.65617	247.0
250.0		-0.04172720804330865	-0.023728143153509504	-0.010545027684230886	176.7775	176.7775	250.0
253.0		-0.04176948179988076	-0.023728143168180338	-0.01568487753313393	178.89883	178.89883	253.0
256.0		-0.041795615807411785	-0.023728143173796772	-0.019886428261318763	181.02016	181.02016	256.0
259.0		-0.041811543162143666	-0.023728143175905346	-0.023290182675750365	183.14149	183.14149	259.0
262.0		-0.041821112879583115	-0.023728143176681673	-0.026023098238751232	185.26282	185.26282	262.0
265.0		-0.04182678162048788	-0.02372814317696198	-0.0281980058664881	187.38415	187.38415	265.0
268.0		-0.04183009231653643	-0.023728143177061237	-0.02991364846368758	189.50548	189.50548	268.0
271.0		-0.04183199869652039	-0.02372814317709571	-0.03125519851333379	191.62681	191.62681	271.0
274.0		-0.04183308104841987	-0.023728143177107447	-0.03229512285561211	193.74814	193.74814	274.0
277.0		-0.04183368695683077	-0.02372814317711137	-0.03309427684136626	195.86947	195.86947	277.0
280.0		-0.04183402140967024	-0.023728143177112655	-0.03370312724305999	197.9908	197.9908	280.0
283.0		-0.04183420344743134	-0.023728143177113067	-0.03416302183950209	200.11213	200.11213	283.0
286.0		-0.04183430114763528	-0.023728143177113196	-0.03450744199545111	202.23346	202.23346	286.0
289.0		-0.04183435285411812	-0.023728143177113237	-0.03476319174138959	204.35479	204.35479	289.0
292.0		-0.04183437983882634	-0.02372814317711325	-0.0349514920898259	206.47612	206.47612	292.0
RTBT_Diag:WS21

Name	X Fit	X RMS	Y Fit	Y RMS	Z Fit	Z RMS
-------	-----	-----	-----	-----	-----	-----
Area	37.40122524497213	31.008739228971354	35.90836810512352	30.50712565104167	37.80627735359162	30.236419507942706
Ampl	0.8002267571777079	0.7542968750000001	0.6486350592867584	0.6298828125000001	0.5807117270793954	0.5340820312500001
Mean	97.17173025898438	97.91733824220763	99.15807029951057	99.73034444117339	117.2504638953856	115.92257503160654
Sigma	18.64587750309791	13.302328228354458	22.085402341810322	16.150418096606106	25.97247790532184	18.549162326845696
Offset	-0.026064656968269935	0.0017578125	-0.024583076205473016	-0.00849609375	-0.031271589444183234	0.002490234375
Slope	0.0	0.0	0.0	0.0	0.0	0.0

Position	X Raw	Y Raw	Z Raw
--------	-----	-----	-----
25.0		0.00205078125	-0.0080078125	0.002734375	17.67775	17.67775	25.0
28.0		0.00146484375	-0.008984375	0.00224609375	19.79908	19.79908	28.0
31.0		0.00126953125	-0.00908203125	0.00234375	21.92041	21.92041	31.0
34.0		0.00126953125	-0.00927734375	0.00205078125	24.04174	24.04174	34.0
37.0		0.0015625	-0.0095703125	0.00234375	26.16307	26.16307	37.0
40.0		8.7890625E-4	-0.01044921875	0.00166015625	28.2844	28.2844	40.0
43.0		4.8828125E-4	-0.01015625	0.0015625	30.405730000000002	30.405730000000002	43.0
46.0		8.7890625E-4	-0.01064453125	0.00126953125	32.52706	32.52706	46.0
49.0		0.00205078125	-0.01015625	0.00244140625	34.64839	34.64839	49.0
52.0		8.7890625E-4	-0.0107421875	0.00205078125	36.76972	36.76972	52.0
55.0		1.953125E-4	-0.0115234375	0.00126953125	38.89105	38.89105	55.0
58.0		6.8359375E-4	-0.01083984375	9.765625E-4	41.01238	41.01238	58.0
61.0		3.90625E-4	-0.0037109375	5.859375E-4	43.13371	43.13371	61.0
64.0		-6.8359375E-4	0.0298828125	3.90625E-4	45.25504	45.25504	64.0
67.0		1.953125E-4	0.09716796875	6.8359375E-4	47.37637	47.37637	67.0
70.0		-2.9296875E-4	0.19033203125	8.7890625E-4	49.4977	49.4977	70.0
73.0		-8.7890625E-4	0.28125	-1.953125E-4	51.61903	51.61903	73.0
76.0		-0.00107421875	0.36875	-1.953125E-4	53.74036	53.74036	76.0
79.0		-6.8359375E-4	0.44033203125	5.859375E-4	55.86169	55.86169	79.0
82.0		-0.00166015625	0.495703125	-3.90625E-4	57.98302	57.98302	82.0
85.0		-0.001953125	0.533984375	-5.859375E-4	60.104350000000004	60.104350000000004	85.0
88.0		-0.00244140625	0.56875	-0.001171875	62.225680000000004	62.225680000000004	88.0
91.0		0.00302734375	0.5880859375	-0.001953125	64.34701	64.34701	91.0
94.0		0.00830078125	0.6041015625	-5.859375E-4	66.46834	66.46834	94.0
97.0		0.04306640625	0.608984375	0.00283203125	68.58967	68.58967	97.0
100.0		0.11513671875	0.612890625	0.0125	70.711	70.711	100.0
103.0		0.22021484375	0.60947265625	0.02890625	72.83233	72.83233	103.0
106.0		0.33173828125	0.596875	0.05478515625	74.95366	74.95366	106.0
109.0		0.44453125	0.57841796875	0.09482421875	77.07499	77.07499	109.0
112.0		0.5248046875	0.55712890625	0.14013671875	79.19632	79.19632	112.0
115.0		0.58310546875	0.52568359375	0.1853515625	81.31765	81.31765	115.0
118.0		0.634765625	0.48095703125	0.23017578125	83.43898	83.43898	118.0
121.0		0.66943359375	0.42470703125	0.26953125	85.56031	85.56031	121.0
124.0		0.69990234375	0.35107421875	0.30732421875	87.68164	87.68164	124.0
127.0		0.71845703125	0.26513671875	0.34375	89.80297	89.80297	127.0
130.0		0.734375	0.1744140625	0.3740234375	91.9243	91.9243	130.0
133.0		0.74443359375	0.0873046875	0.39921875	94.04563	94.04563	133.0
136.0		0.7599609375	0.02412109375	0.41943359375	96.16696	96.16696	136.0
139.0		0.7578125	-0.0046875	0.438671875	98.28829	98.28829	139.0
142.0		0.74638671875	-0.0103515625	0.46142578125	100.40962	100.40962	142.0
145.0		0.73125	-0.01103515625	0.473046875	102.53095	102.53095	145.0
148.0		0.72119140625	-0.01123046875	0.48837890625	104.65228	104.65228	148.0
151.0		0.70107421875	-0.0111328125	0.5044921875	106.77361	106.77361	151.0
154.0		0.67529296875	-0.010546875	0.51875	108.89494	108.89494	154.0
157.0		0.64169921875	-0.0099609375	0.5251953125	111.01627	111.01627	157.0
160.0		0.6013671875	-0.009375	0.53134765625	113.1376	113.1376	160.0
163.0		0.54560546875	-0.01015625	0.5390625	115.25893	115.25893	163.0
166.0		0.4833984375	-0.008984375	0.54453125	117.38026	117.38026	166.0
169.0		0.39716796875	-0.00888671875	0.5404296875	119.50159000000001	119.50159000000001	169.0
172.0		0.29951171875	-0.008984375	0.5298828125	121.62292000000001	121.62292000000001	172.0
175.0		0.20478515625	-0.00771484375	0.52138671875	123.74425000000001	123.74425000000001	175.0
178.0		0.11630859375	-0.0078125	0.5123046875	125.86558000000001	125.86558000000001	178.0
181.0		0.0416015625	-0.0076171875	0.49609375	127.98691000000001	127.98691000000001	181.0
184.0		0.0103515625	-0.0080078125	0.48134765625	130.10824	130.10824	184.0
187.0		-0.00126953125	-0.0076171875	0.46376953125	132.22957	132.22957	187.0
190.0		-0.001953125	-0.00712890625	0.44326171875	134.3509	134.3509	190.0
193.0		-0.00205078125	-0.00673828125	0.42158203125	136.47223	136.47223	193.0
196.0		-0.0021484375	-0.00693359375	0.39833984375	138.59356	138.59356	196.0
199.0		-0.00146484375	-0.0072265625	0.3658203125	140.71489	140.71489	199.0
202.0		-0.00205078125	-0.00732421875	0.33779296875	142.83622	142.83622	202.0
205.0		-0.00146484375	-0.00654296875	0.30380859375	144.95755	144.95755	205.0
208.0		-3.90625E-4	-0.00634765625	0.26513671875	147.07888	147.07888	208.0
211.0		-8.7890625E-4	-0.0064453125	0.2203125	149.20021	149.20021	211.0
214.0		-0.001171875	-0.006640625	0.17470703125	151.32154	151.32154	214.0
217.0		1.953125E-4	-0.0060546875	0.1275390625	153.44287	153.44287	217.0
220.0		-0.00126953125	-0.005859375	0.08515625	155.5642	155.5642	220.0
223.0		2.9296875E-4	-0.00576171875	0.04765625	157.68553	157.68553	223.0
226.0		0.0	-0.00576171875	0.019140625	159.80686	159.80686	226.0
229.0		7.8125E-4	-0.00537109375	0.00537109375	161.92819	161.92819	229.0
232.0		7.8125E-4	-0.0060546875	-0.001171875	164.04952	164.04952	232.0
235.0		0.001171875	-0.00537109375	-0.002734375	166.17085	166.17085	235.0
238.0		0.00107421875	-0.0064453125	-0.003515625	168.29218	168.29218	238.0
241.0		5.859375E-4	-0.00615234375	-0.003515625	170.41351	170.41351	241.0
244.0		0.00107421875	-0.00634765625	-0.0033203125	172.53484	172.53484	244.0
247.0		0.00126953125	-0.00595703125	-0.00322265625	174.65617	174.65617	247.0
250.0		0.00224609375	-0.00546875	-0.0021484375	176.7775	176.7775	250.0
253.0		0.00126953125	-0.00546875	-0.00234375	178.89883	178.89883	253.0
256.0		0.0015625	-0.0060546875	-0.00224609375	181.02016	181.02016	256.0
259.0		0.001953125	-0.00546875	-0.0015625	183.14149	183.14149	259.0
262.0		0.00244140625	-0.005859375	-0.00166015625	185.26282	185.26282	262.0
265.0		0.00263671875	-0.00576171875	-0.00185546875	187.38415	187.38415	265.0
268.0		0.0021484375	-0.00634765625	-0.00107421875	189.50548	189.50548	268.0
271.0		0.003125	-0.00576171875	-9.765625E-4	191.62681	191.62681	271.0
274.0		0.0025390625	-0.00615234375	-0.00126953125	193.74814	193.74814	274.0
277.0		0.00263671875	-0.005859375	-0.0013671875	195.86947	195.86947	277.0
280.0		0.00283203125	-0.00537109375	-5.859375E-4	197.9908	197.9908	280.0
283.0		0.0033203125	-0.00576171875	9.765625E-5	200.11213	200.11213	283.0
286.0		0.003125	-0.00576171875	-2.9296875E-4	202.23346	202.23346	286.0
289.0		0.00419921875	-0.0056640625	3.90625E-4	204.35479	204.35479	289.0
292.0		0.003125	-0.00595703125	-2.9296875E-4	206.47612	206.47612	292.0

Position	X Fit	Y Fit	Z Fit
--------	-----	-----	-----
25.0		-0.025886727363182593	-0.022252350971978443	-0.030730965528527148	17.67775	17.67775	25.0
28.0		-0.025831060814651773	-0.0209497486795267	-0.030595252879713913	19.79908	19.79908	28.0
31.0		-0.02574428151508502	-0.01901666976934059	-0.03041487862214965	21.92041	21.92041	31.0
34.0		-0.025610840590644612	-0.016205538535146342	-0.03017685334960101	24.04174	24.04174	34.0
37.0		-0.025408448507274094	-0.012200265038402634	-0.029864995777528103	26.16307	26.16307	37.0
40.0		-0.025105681636522825	-0.0066101890350972956	-0.029459334105174317	28.2844	28.2844	40.0
43.0		-0.02465898740020544	0.0010306269285986804	-0.028935450097547572	30.405730000000002	30.405730000000002	43.0
46.0		-0.02400904613351311	0.011256126835523548	-0.02826377692553955	32.52706	32.52706	46.0
49.0		-0.023076496956268365	0.02465040029416603	-0.027408867925005395	34.64839	34.64839	49.0
52.0		-0.021757109047142984	0.04181709589459087	-0.026328660503522353	36.76972	36.76972	52.0
55.0		-0.019916581167231336	0.06333501830721336	-0.02497376725603888	38.89105	38.89105	55.0
58.0		-0.01738528040305971	0.08970046111265713	-0.023286834651791107	41.01238	41.01238	58.0
61.0		-0.013953380751218969	0.12125898204317419	-0.02120201800228637	43.13371	43.13371	61.0
64.0		-0.009367022478257075	0.15813177009190918	-0.0186446292616161	45.25504	45.25504	64.0
67.0		-0.0033262667784961265	0.20014412404336807	-0.015531020871258227	47.37637	47.37637	67.0
70.0		0.0045142567238703815	0.2467653986906064	-0.011768773565432968	49.4977	49.4977	70.0
73.0		0.014541048680032385	0.2970705905753425	-0.007257257957219682	51.61903	51.61903	73.0
76.0		0.02717285176840214	0.34973311559070414	-0.0018886379720103388	53.74036	53.74036	76.0
79.0		0.042846391173998376	0.4030560465198182	0.004450622023819607	55.86169	55.86169	79.0
82.0		0.061996252037969594	0.4550451778575271	0.011877695913063903	57.98302	57.98302	82.0
85.0		0.08502884767761804	0.5035221436220605	0.020510746818491202	60.104350000000004	60.104350000000004	85.0
88.0		0.11229102086829787	0.5462701167021585	0.030465679608713464	62.225680000000004	62.225680000000004	88.0
91.0		0.14403451799855715	0.5811992684297134	0.04185231240421593	64.34701	64.34701	91.0
94.0		0.18037832296099732	0.606515127561013	0.05477001769863728	66.46834	66.46834	94.0
97.0		0.2212715512777845	0.6208710790607573	0.06930292052732423	68.58967	68.58967	97.0
100.0		0.2664601855331837	0.6234869967522753	0.08551477994607158	70.711	70.711	100.0
103.0		0.3154612756688948	0.6142194699637027	0.10344371878892278	72.83233	72.83233	103.0
106.0		0.367548236659114	0.5935748272183609	0.1230970027318811	74.95366	74.95366	106.0
109.0		0.4217504824367802	0.5626633111926478	0.14444610032179067	77.07499	77.07499	109.0
112.0		0.47686981184856914	0.523100176117296	0.16742227797869016	79.19632	79.19632	112.0
115.0		0.5315147372838995	0.4768659669063013	0.19191299531804112	81.31765	81.31765	115.0
118.0		0.5841524063681864	0.42614278555649865	0.21775936410211216	83.43898	83.43898	118.0
121.0		0.6331760545566611	0.3731453154216415	0.2447549169543169	85.56031	85.56031	121.0
124.0		0.6769842271330226	0.3199645997197841	0.2726458987159891	87.68164	87.68164	124.0
127.0		0.7140665293353119	0.26843938248789934	0.3011332440567715	89.80297	89.80297	127.0
130.0		0.7430896023552997	0.22006492959769622	0.329876340859631	91.9243	91.9243	130.0
133.0		0.7629765432265893	0.1759435836713831	0.35849860235149567	94.04563	94.04563	133.0
136.0		0.7729731870600355	0.1367758213387728	0.38659478542243103	96.16696	96.16696	136.0
139.0		0.7726955672891213	0.10288607065603798	0.41373990252311116	98.28829	98.28829	139.0
142.0		0.762154390578352	0.07427452864208291	0.4394994851323515	100.40962	100.40962	142.0
145.0		0.7417543515847633	0.05068488306441116	0.463440873624447	102.53095	102.53095	145.0
148.0		0.712268348708561	0.03167807149267522	0.4851451370335875	104.65228	104.65228	148.0
151.0		0.6747888909318481	0.016703657821853266	0.5042191718967776	106.77361	106.77361	151.0
154.0		0.6306609544031435	0.0051626030527410875	0.5203074964218825	108.89494	108.89494	154.0
157.0		0.5814020381955597	-0.0035423303970776865	0.5331032478394421	111.01627	111.01627	157.0
160.0		0.5286160294977018	-0.009969984499553865	0.5423579086226493	113.1376	113.1376	160.0
163.0		0.47390765118868855	-0.01461757970920789	0.5478893312732287	115.25893	115.25893	163.0
166.0		0.4188037506112018	-0.01790910614974494	0.5495876997866436	117.38026	117.38026	166.0
169.0		0.36468660029830335	-0.020192864104590157	0.5474191552566776	119.50159000000001	119.50159000000001	169.0
172.0		0.31274288457560856	-0.021745484287261696	0.5414269184095621	121.62292000000001	121.62292000000001	172.0
175.0		0.26393034074586724	-0.02277993982612323	0.5317298570809309	123.74425000000001	123.74425000000001	175.0
178.0		0.21896231584956366	-0.023455479253635544	0.5185185649606556	125.86558000000001	125.86558000000001	178.0
181.0		0.17830897349740277	-0.023887929070921833	0.5020491323029054	127.98691000000001	127.98691000000001	181.0
184.0		0.1422126800597161	-0.0241593321835911	0.482634892988843	130.10824	130.10824	184.0
187.0		0.11071429929916732	-0.02432633772273772	0.46063651936455907	132.22957	132.22957	187.0
190.0		0.08368675363734354	-0.0244271056520499	0.4364509018739626	134.3509	134.3509	190.0
193.0		0.06087223918851838	-0.024486730028137695	0.4104992913907261	136.47223	136.47223	193.0
196.0		0.04191983955075356	-0.024521329282376533	0.3832151967529683	138.59356	138.59356	196.0
199.0		0.026420873747575575	-0.024541020810243078	0.35503251850541384	140.71489	140.71489	199.0
202.0		0.013940031570176252	-0.02455201308872454	0.32637436411852644	142.83622	142.83622	202.0
205.0		0.004041095880055964	-0.02455803196261178	0.29764293331220265	144.95755	144.95755	205.0
208.0		-0.003693255619810598	-0.024561264797711008	0.26921078904891804	147.07888	147.07888	208.0
211.0		-0.009647495189459364	-0.02456296818121698	0.241413745536959	149.20021	149.20021	211.0
214.0		-0.014164625077770355	-0.024563848662427817	0.2145455148127014	151.32154	151.32154	214.0
217.0		-0.017542096957088946	-0.02456429516430008	0.1888541637035869	153.44287	153.44287	217.0
220.0		-0.020031333282236222	-0.024564517309787964	0.16454034831815426	155.5642	155.5642	220.0
223.0		-0.02183989099697371	-0.024564625746679187	0.1417572180121388	157.68553	157.68553	223.0
226.0		-0.023135375411590494	-0.0245646776810956	0.1206118183916306	159.80686	159.80686	226.0
229.0		-0.024050337441972235	-0.024564702086411337	0.10116777555584619	161.92819	161.92819	229.0
232.0		-0.024687541902024997	-0.02456471333961211	0.08344901250404883	164.04952	164.04952	232.0
235.0		-0.025125154662198817	-0.024564718431054927	0.06744423336802288	166.17085	166.17085	235.0
238.0		-0.025421545203010463	-0.02456472069147333	0.053111910831844786	168.29218	168.29218	238.0
241.0		-0.02561952786816266	-0.024564721676230843	0.040385524915766594	170.41351	170.41351	241.0
244.0		-0.02574996508800738	-0.024564722097220115	0.029178824809496767	172.53484	172.53484	244.0
247.0		-0.02583472852680931	-0.02456472227383293	0.019390916886428772	174.65617	174.65617	247.0
250.0		-0.025889062023807793	-0.02456472234654233	0.010911018555763402	176.7775	176.7775	250.0
253.0		-0.025923417553127902	-0.024564722375917697	0.003622756458922613	178.89883	178.89883	253.0
256.0		-0.025944847050053944	-0.024564722387564516	-0.002592073792096309	181.02016	181.02016	256.0
259.0		-0.025958033529222404	-0.024564722392096297	-0.00785033268926762	183.14149	183.14149	259.0
262.0		-0.025966038529484297	-0.024564722393826805	-0.012264960480042091	185.26282	185.26282	262.0
265.0		-0.025970832799888093	-0.024564722394475335	-0.01594298553690956	187.38415	187.38415	265.0
268.0		-0.025973665655978303	-0.024564722394713863	-0.018984081551919108	189.50548	189.50548	268.0
271.0		-0.02597531715610666	-0.024564722394799964	-0.02147962139339108	191.62681	191.62681	271.0
274.0		-0.02597626709432101	-0.024564722394830468	-0.023512164756407068	193.74814	193.74814	274.0
277.0		-0.025976806213269428	-0.024564722394841074	-0.025155311103407647	195.86947	195.86947	277.0
280.0		-0.025977108107998574	-0.024564722394844692	-0.026473848127954305	197.9908	197.9908	280.0
283.0		-0.02597727491596482	-0.024564722394845903	-0.027524128265979705	200.11213	200.11213	283.0
286.0		-0.025977365860468688	-0.024564722394846302	-0.02835461076525752	202.23346	202.23346	286.0
289.0		-0.02597741478674276	-0.02456472239484643	-0.02900651366825768	204.35479	204.35479	289.0
292.0		-0.025977440759675667	-0.024564722394846472	-0.029514528000402634	206.47612	206.47612	292.0
RTBT_Diag:WS20

Name	X Fit	X RMS	Y Fit	Y RMS	Z Fit	Z RMS
-------	-----	-----	-----	-----	-----	-----
Area	39.060218897662	31.280382717057293	36.44759920832787	30.67878092447917	34.6691396533099	28.73398109042969
Ampl	0.5601450231958874	0.5087890624999999	0.6508399383687499	0.6169921875	0.8207122835506181	0.7893554687500001
Mean	88.08865120783618	90.98487112399471	104.17142669328292	104.87323112372336	129.09601871512984	129.2133346269838
Sigma	27.819175668303647	20.239996511785158	22.341112593323203	15.97271474951658	16.852416991994673	11.63675131584338
Offset	-0.04814725236279034	-0.005908203125	-0.017100027691442667	8.300781250000001E-4	-0.023737006900585174	-8.30078125E-4
Slope	0.0	0.0	0.0	0.0	0.0	0.0

Position	X Raw	Y Raw	Z Raw
--------	-----	-----	-----
25.0		-0.0056640625	8.7890625E-4	-6.8359375E-4	17.67775	17.67775	25.0
28.0		-0.00615234375	7.8125E-4	-9.765625E-4	19.79908	19.79908	28.0
31.0		-0.00654296875	-1.953125E-4	-0.0015625	21.92041	21.92041	31.0
34.0		-0.00703125	-1.953125E-4	-0.00107421875	24.04174	24.04174	34.0
37.0		-0.00693359375	-9.765625E-5	-0.001171875	26.16307	26.16307	37.0
40.0		-0.00712890625	-4.8828125E-4	-0.00166015625	28.2844	28.2844	40.0
43.0		-0.00751953125	-0.001171875	-0.00166015625	30.405730000000002	30.405730000000002	43.0
46.0		-0.0080078125	-7.8125E-4	-0.0017578125	32.52706	32.52706	46.0
49.0		-0.00751953125	-0.0015625	-0.0015625	34.64839	34.64839	49.0
52.0		-0.00712890625	-0.0015625	-0.001953125	36.76972	36.76972	52.0
55.0		-0.00712890625	-0.0015625	-0.0017578125	38.89105	38.89105	55.0
58.0		-0.00673828125	-0.00234375	-0.00205078125	41.01238	41.01238	58.0
61.0		-0.003515625	-0.00283203125	-0.0021484375	43.13371	43.13371	61.0
64.0		0.00546875	-0.00146484375	-0.00244140625	45.25504	45.25504	64.0
67.0		0.02275390625	0.00869140625	-0.00234375	47.37637	47.37637	67.0
70.0		0.05458984375	0.05029296875	-0.0025390625	49.4977	49.4977	70.0
73.0		0.08818359375	0.1228515625	-0.00234375	51.61903	51.61903	73.0
76.0		0.13916015625	0.22626953125	-0.00341796875	53.74036	53.74036	76.0
79.0		0.19365234375	0.32958984375	-0.0029296875	55.86169	55.86169	79.0
82.0		0.24599609375	0.4142578125	-0.0033203125	57.98302	57.98302	82.0
85.0		0.29091796875	0.47978515625	-0.00361328125	60.104350000000004	60.104350000000004	85.0
88.0		0.3357421875	0.52626953125	-0.00390625	62.225680000000004	62.225680000000004	88.0
91.0		0.371484375	0.55771484375	-0.0041015625	64.34701	64.34701	91.0
94.0		0.393359375	0.58388671875	-0.00419921875	66.46834	66.46834	94.0
97.0		0.42060546875	0.5998046875	-0.0044921875	68.58967	68.58967	97.0
100.0		0.433984375	0.61376953125	-0.0046875	70.711	70.711	100.0
103.0		0.44677734375	0.61845703125	-0.0048828125	72.83233	72.83233	103.0
106.0		0.46201171875	0.61865234375	-0.0046875	74.95366	74.95366	106.0
109.0		0.475	0.61083984375	-0.0048828125	77.07499	77.07499	109.0
112.0		0.48271484375	0.60810546875	-0.00546875	79.19632	79.19632	112.0
115.0		0.49189453125	0.5919921875	-0.0056640625	81.31765	81.31765	115.0
118.0		0.49580078125	0.56435546875	-0.00634765625	83.43898	83.43898	118.0
121.0		0.50205078125	0.53291015625	-0.00615234375	85.56031	85.56031	121.0
124.0		0.49873046875	0.489453125	-0.0072265625	87.68164	87.68164	124.0
127.0		0.5076171875	0.4291015625	-0.007421875	89.80297	89.80297	127.0
130.0		0.49697265625	0.34482421875	-0.00830078125	91.9243	91.9243	130.0
133.0		0.496484375	0.2490234375	-0.0078125	94.04563	94.04563	133.0
136.0		0.49794921875	0.1525390625	-0.00732421875	96.16696	96.16696	136.0
139.0		0.48984375	0.06640625	-6.8359375E-4	98.28829	98.28829	139.0
142.0		0.4814453125	0.01865234375	0.02353515625	100.40962	100.40962	142.0
145.0		0.471484375	6.8359375E-4	0.08583984375	102.53095	102.53095	145.0
148.0		0.46259765625	-0.001953125	0.1775390625	104.65228	104.65228	148.0
151.0		0.45029296875	-0.00244140625	0.2720703125	106.77361	106.77361	151.0
154.0		0.4392578125	-0.00166015625	0.36748046875	108.89494	108.89494	154.0
157.0		0.4220703125	-0.00146484375	0.4490234375	111.01627	111.01627	157.0
160.0		0.40380859375	-9.765625E-4	0.5177734375	113.1376	113.1376	160.0
163.0		0.38095703125	-0.0015625	0.57548828125	115.25893	115.25893	163.0
166.0		0.35498046875	-8.7890625E-4	0.622265625	117.38026	117.38026	166.0
169.0		0.32509765625	-7.8125E-4	0.67138671875	119.50159000000001	119.50159000000001	169.0
172.0		0.2912109375	-2.9296875E-4	0.71240234375	121.62292000000001	121.62292000000001	172.0
175.0		0.24892578125	9.765625E-5	0.74482421875	123.74425000000001	123.74425000000001	175.0
178.0		0.20439453125	1.953125E-4	0.7791015625	125.86558000000001	125.86558000000001	178.0
181.0		0.15498046875	2.9296875E-4	0.78759765625	127.98691000000001	127.98691000000001	181.0
184.0		0.11376953125	3.90625E-4	0.7876953125	130.10824	130.10824	184.0
187.0		0.07021484375	3.90625E-4	0.77919921875	132.22957	132.22957	187.0
190.0		0.03759765625	7.8125E-4	0.7630859375	134.3509	134.3509	190.0
193.0		0.01181640625	0.00185546875	0.73271484375	136.47223	136.47223	193.0
196.0		9.765625E-4	0.0013671875	0.7033203125	138.59356	138.59356	196.0
199.0		-0.005078125	0.001953125	0.65791015625	140.71489	140.71489	199.0
202.0		-0.00810546875	0.00126953125	0.61708984375	142.83622	142.83622	202.0
205.0		-0.00771484375	0.00146484375	0.5572265625	144.95755	144.95755	205.0
208.0		-0.00751953125	0.001953125	0.4892578125	147.07888	147.07888	208.0
211.0		-0.007421875	0.00263671875	0.40009765625	149.20021	149.20021	211.0
214.0		-0.0076171875	0.00224609375	0.2953125	151.32154	151.32154	214.0
217.0		-0.00712890625	0.00224609375	0.18125	153.44287	153.44287	217.0
220.0		-0.0068359375	0.0029296875	0.0841796875	155.5642	155.5642	220.0
223.0		-0.00732421875	0.00234375	0.0173828125	157.68553	157.68553	223.0
226.0		-0.00712890625	0.002734375	-0.00556640625	159.80686	159.80686	226.0
229.0		-0.0068359375	0.002734375	-0.01015625	161.92819	161.92819	229.0
232.0		-0.006640625	0.00234375	-0.01025390625	164.04952	164.04952	232.0
235.0		-0.0064453125	0.00322265625	-0.00966796875	166.17085	166.17085	235.0
238.0		-0.00625	0.0025390625	-0.0095703125	168.29218	168.29218	238.0
241.0		-0.00693359375	0.002734375	-0.00986328125	170.41351	170.41351	241.0
244.0		-0.0068359375	0.001953125	-0.0087890625	172.53484	172.53484	244.0
247.0		-0.00625	0.0025390625	-0.0087890625	174.65617	174.65617	247.0
250.0		-0.005859375	0.0029296875	-0.00888671875	176.7775	176.7775	250.0
253.0		-0.005859375	0.0029296875	-0.00830078125	178.89883	178.89883	253.0
256.0		-0.0056640625	0.00263671875	-0.008203125	181.02016	181.02016	256.0
259.0		-0.00556640625	0.00341796875	-0.00751953125	183.14149	183.14149	259.0
262.0		-0.00537109375	0.0029296875	-0.00751953125	185.26282	185.26282	262.0
265.0		-0.00537109375	0.00283203125	-0.0064453125	187.38415	187.38415	265.0
268.0		-0.00576171875	0.00244140625	-0.00732421875	189.50548	189.50548	268.0
271.0		-0.00537109375	0.00302734375	-0.006640625	191.62681	191.62681	271.0
274.0		-0.005078125	0.00322265625	-0.00625	193.74814	193.74814	274.0
277.0		-0.00537109375	0.00302734375	-0.00703125	195.86947	195.86947	277.0
280.0		-0.00537109375	0.00263671875	-0.0064453125	197.9908	197.9908	280.0
283.0		-0.005078125	0.00283203125	-0.00625	200.11213	200.11213	283.0
286.0		-0.0046875	0.0029296875	-0.00615234375	202.23346	202.23346	286.0
289.0		-0.00537109375	0.002734375	-0.00556640625	204.35479	204.35479	289.0
292.0		-0.00517578125	0.0033203125	-0.005859375	206.47612	206.47612	292.0

Position	X Fit	Y Fit	Z Fit
--------	-----	-----	-----
25.0		-0.025383633894443855	-0.015868893841241127	-0.02343388524983602	17.67775	17.67775	25.0
28.0		-0.02061777721238065	-0.01514232229537635	-0.023433884908107203	19.79908	19.79908	28.0
31.0		-0.015047155134513754	-0.014039075254228229	-0.023433884150944828	21.92041	21.92041	31.0
34.0		-0.00858005297806972	-0.012396415877727635	-0.023433882500276393	24.04174	24.04174	34.0
37.0		-0.0011236325368339864	-0.009998452106818014	-0.023433878959591006	26.16307	26.16307	37.0
40.0		0.0074139336776666495	-0.0065669045637818235	-0.023433871487117966	28.2844	28.2844	40.0
43.0		0.017120951638226856	-0.0017539460167469226	-0.023433855970991745	30.405730000000002	30.405730000000002	43.0
46.0		0.028079342699710325	0.004860902263830052	-0.023433824272682972	32.52706	32.52706	46.0
49.0		0.04036147242635248	0.013767472540639137	-0.023433760561730507	34.64839	34.64839	49.0
52.0		0.05402673695630396	0.025512778792684213	-0.023433634579840816	36.76972	36.76972	52.0
55.0		0.06911799432025421	0.04067773495631427	-0.023433389499591242	38.89105	38.89105	55.0
58.0		0.0856579492249117	0.05984124106427184	-0.023432920465781208	41.01238	41.01238	58.0
61.0		0.1036456188926465	0.08353136912524976	-0.023432037417745334	43.13371	43.13371	61.0
64.0		0.1230530232343776	0.1121651496562499	-0.02343040196983146	45.25504	45.25504	64.0
67.0		0.1438222535403661	0.14598060361388407	-0.023427422436431512	47.37637	47.37637	67.0
70.0		0.16586307871099953	0.18496691731361006	-0.023422082883728705	49.4977	49.4977	70.0
73.0		0.18905124571706872	0.22880064536190875	-0.023412670678798923	51.61903	51.61903	73.0
76.0		0.2132276206692063	0.2767971139850129	-0.023396351763121458	53.74036	53.74036	76.0
79.0		0.23819829816696475	0.32788636687564277	-0.023368523454688282	55.86169	55.86169	79.0
82.0		0.2637357795284898	0.3806217422915488	-0.023321851229089696	57.98302	57.98302	82.0
85.0		0.28958128562358126	0.4332263931714743	-0.02324486992266698	60.104350000000004	60.104350000000004	85.0
88.0		0.3154482284305836	0.48367893331110534	-0.023120003972588583	62.225680000000004	62.225680000000004	88.0
91.0		0.3410268187117793	0.5298343752000164	-0.02292084059669385	64.34701	64.34701	91.0
94.0		0.3659897374144169	0.5695713294168528	-0.022608481706152313	66.46834	66.46834	94.0
97.0		0.38999874798370404	0.6009519122773289	-0.022126815014252146	68.58967	68.58967	97.0
100.0		0.41271207838674423	0.6223777942358399	-0.021396594714507125	70.711	70.711	100.0
103.0		0.43379235804094196	0.6327249671506328	-0.020308320756646178	72.83233	72.83233	103.0
106.0		0.4529148586729302	0.631441429511274	-0.01871406541724896	74.95366	74.95366	106.0
109.0		0.46977576178854	0.6185959754194716	-0.016418624158503457	77.07499	77.07499	109.0
112.0		0.4841001608506789	0.5948720858934852	-0.013170663298792587	79.19632	79.19632	112.0
115.0		0.495649504785923	0.5615076773955066	-0.008654884619898688	81.31765	81.31765	115.0
118.0		0.5042282017075916	0.5201880995769179	-0.002486593590240737	83.43898	83.43898	118.0
121.0		0.5096891276070051	0.47290525219661306	0.005789609953115383	85.56031	85.56031	121.0
124.0		0.5119378232789334	0.42179919094223656	0.01669507444214969	87.68164	87.68164	124.0
127.0		0.5109352122011269	0.368999663804664	0.030804295133396872	89.80297	89.80297	127.0
130.0		0.506698730097089	0.31648365094276626	0.04872233696040963	91.9243	91.9243	130.0
133.0		0.4993018205579887	0.26596157102094564	0.07105134590698285	94.04563	94.04563	133.0
136.0		0.488871817111093	0.21880007152239292	0.09834599393445381	96.16696	96.16696	136.0
139.0		0.47558629707610883	0.17598409383470376	0.13105904634479265	98.28829	98.28829	139.0
142.0		0.459668053092017	0.13811602792798333	0.1694798526818726	100.40962	100.40962	142.0
145.0		0.44137888124840735	0.10544590948444613	0.21367026962868557	102.53095	102.53095	145.0
148.0		0.4210124277090485	0.07792416500320203	0.26340408400633797	104.65228	104.65228	148.0
151.0		0.3988863665887175	0.05526748619648353	0.31811712983065615	106.77361	106.77361	151.0
154.0		0.3753341993899457	0.03702886145089285	0.3768756989663208	108.89494	108.89494	154.0
157.0		0.35069697007036355	0.022664270785736	0.4383702976553456	111.01627	111.01627	157.0
160.0		0.3253151801349634	0.011590632530917515	0.5009401788347484	113.1376	113.1376	160.0
163.0		0.29952116611550195	0.003231847682643573	0.5626314174212323	115.25893	115.25893	163.0
166.0		0.2736321691394929	-0.0029481320331402553	0.6212878088303432	117.38026	117.38026	166.0
169.0		0.24794428523682815	-0.007424622577401535	0.6746699502671046	119.50159000000001	119.50159000000001	169.0
172.0		0.22272743815577734	-0.010602188554210735	0.7205940310401439	121.62292000000001	121.62292000000001	172.0
175.0		0.19822146649616268	-0.012812961331820047	0.7570786888631765	123.74425000000001	123.74425000000001	175.0
178.0		0.1746333666336518	-0.014320823445126016	0.7824863191182437	125.86558000000001	125.86558000000001	178.0
181.0		0.15213568474220496	-0.015329178103432489	0.7956448477312513	127.98691000000001	127.98691000000001	181.0
184.0		0.13086600743729448	-0.015990415732283852	0.7959373667668784	130.10824	130.10824	184.0
187.0		0.11092746294690921	-0.016415667575040302	0.7833500866447775	132.22957	132.22957	187.0
190.0		0.09239011455720343	-0.016683908741755463	0.7584734138844362	134.3509	134.3509	190.0
193.0		0.07529310613058161	-0.016849881410027377	0.7224560370686137	136.47223	136.47223	193.0
196.0		0.05964740598729798	-0.01695062485394078	0.6769169938295543	138.59356	138.59356	196.0
199.0		0.04543899012428193	-0.017010617716674687	0.6238250928983735	140.71489	140.71489	199.0
202.0		0.03263230794722237	-0.017045669916407227	0.565358188439177	142.83622	142.83622	202.0
205.0		0.02117388241474681	-0.01706576507319462	0.5037562716904531	144.95755	144.95755	205.0
208.0		0.01099591050651421	-0.017077069616486626	0.44118204641849423	147.07888	147.07888	208.0
211.0		0.002019747870280246	-0.017083310168983047	0.379600749478997	149.20021	149.20021	211.0
214.0		-0.005840818016035483	-0.017086690991894218	0.3206878517482261	151.32154	151.32154	214.0
217.0		-0.012676580151240291	-0.017088488498158867	0.2657694588631821	153.44287	153.44287	217.0
220.0		-0.018580262105308037	-0.017089426459024597	0.2157963024667371	155.5642	155.5642	220.0
223.0		-0.023644237604717518	-0.017089906835434515	0.17134869658533547	157.68553	157.68553	223.0
226.0		-0.02795863257021751	-0.017090148312764328	0.13266712782845008	159.80686	159.80686	226.0
229.0		-0.03160980629580416	-0.017090267459671356	0.09970147676701527	161.92819	161.92819	229.0
232.0		-0.034679195023529924	-0.017090325164726774	0.07217127371107564	164.04952	164.04952	232.0
235.0		-0.037242490731993684	-0.017090352598256257	0.04962975910934646	166.17085	166.17085	235.0
238.0		-0.039369120491363624	-0.017090365400835247	0.03152561814046888	168.29218	168.29218	238.0
241.0		-0.041121987067844125	-0.01709037126588449	0.01725780549553746	170.41351	170.41351	241.0
244.0		-0.04255742929480333	-0.017090373903515605	0.006220582722422072	172.53484	172.53484	244.0
247.0		-0.043725360698877655	-0.017090375068000322	-0.0021624886780023667	174.65617	174.65617	247.0
250.0		-0.04466954656851568	-0.017090375572707445	-0.008415496639611263	176.7775	176.7775	250.0
253.0		-0.045427982660770305	-0.017090375787460338	-0.012996970489781044	178.89883	178.89883	253.0
256.0		-0.046033342656537767	-0.01709037587717018	-0.01629480276144141	181.02016	181.02016	256.0
259.0		-0.04651346592709038	-0.017090375913961876	-0.01862732791340108	183.14149	183.14149	259.0
262.0		-0.0468918618467544	-0.017090375928775957	-0.020248607436105046	185.26282	185.26282	262.0
265.0		-0.04718821151561467	-0.01709037593463223	-0.021356189433098246	187.38415	187.38415	265.0
268.0		-0.047418852139012355	-0.01709037593690521	-0.022099939803367233	189.50548	189.50548	268.0
271.0		-0.04759723330174211	-0.01709037593777138	-0.022590908455624864	191.62681	191.62681	271.0
274.0		-0.047734337881468636	-0.017090375938095457	-0.022909543301613003	193.74814	193.74814	274.0
277.0		-0.047839063321121124	-0.017090375938214507	-0.023112863101046453	195.86947	195.86947	277.0
280.0		-0.04791856141488177	-0.01709037593825745	-0.02324043167486816	197.9908	197.9908	280.0
283.0		-0.04797853667722248	-0.017090375938272655	-0.023319138652583667	200.11213	200.11213	283.0
286.0		-0.04802350480077182	-0.017090375938277946	-0.02336689308244677	202.23346	202.23346	286.0
289.0		-0.04805701372177953	-0.01709037593827975	-0.02339538804948573	204.35479	204.35479	289.0
292.0		-0.04808183046396388	-0.017090375938280354	-0.023412110423498802	206.47612	206.47612	292.0

PVLoggerID = 61560816