-6.495001423836870361e-03
5.262415356736605855e-03
-6.495042265063370908e-03
-1.792092019606132377e-03
5.262352690096637475e-03
2.407425005380036190e-02
1.937128144393686704e-02
-1.354955892559935038e-02
1.466827134144009677e-02
5.262313803089481434e-03
-8.846632663749241440e-03
-4.143685227892439545e-03
-4.143709862907329552e-03
2.407413164254174759e-02
-1.354968079786222045e-02
-1.792272446093994562e-03
2.910683418570029178e-03
2.910667212364332311e-03
1.466809523135039449e-02
7.613626538039510588e-03
-1.792339429116355728e-03
-1.792361254527853132e-03
5.591057650984102532e-04
5.262064439368783000e-03
7.613539887804239743e-03
7.613529300802371683e-03
1.231649640387898204e-02
9.965002591044169050e-03
-1.792449411548036964e-03
1.937092836839114998e-02
-4.143956620985154646e-03
-2.530738086134678988e-02
-8.847008867511137534e-03
5.589162584280836336e-04
1.231634146781469472e-02
-1.590152964044534017e-02
-6.495612943314326392e-03
5.261803837266047952e-03
-2.060458685476147800e-02
-1.119867577683330770e-02
2.910224229581983516e-03
-8.847236201815473697e-03
7.613155459241956885e-03
5.261656027206270195e-03
5.261642630605936795e-03
5.261629234006589585e-03
-4.144339542747742938e-03
-1.792875332717974463e-03
-1.792897158125530141e-03
-4.144407828568875095e-03
1.701896714177283249e-02
9.964501258069283565e-03
5.261515790599228908e-03
-4.144452986153132103e-03
9.964455449070366497e-03
-6.495974243593417852e-03
1.701888676218561366e-02
1.937037625863902157e-02
1.701889087461635683e-02
1.231591383595549531e-02
1.701888655824283086e-02
-1.793023550651491127e-03
1.701886538425289447e-02
7.612910655513553670e-03
1.466736660363580740e-02
1.466736444544904615e-02
1.701885113230004395e-02
2.909918713482228213e-03
5.584136622456685765e-04
-8.847560733712492645e-03
-1.793124452807090758e-03
2.909831411865802190e-03
-4.144651329448249995e-03
9.964257105777220985e-03
-4.144683741845847473e-03
-4.144708376849898061e-03
9.964200058376558242e-03
-1.119920732436274942e-02
9.964159217173708047e-03
2.172159566497783301e-02
1.937011309056250324e-02
2.909694636310319101e-03
-1.119925464011800077e-02
1.701857843653370797e-02
5.581571726810886014e-04
5.261115846960331098e-03
9.964080140443401859e-03
-4.144860707178680409e-03
5.580923478947616596e-04
7.612539867213735482e-03
1.466699581533894604e-02
-1.793428258116082450e-03
-4.144938928556471218e-03
-4.144963563558551160e-03
2.909478336553637020e-03
-8.847982094834949685e-03
-1.793545813925606506e-03
7.612387740830691904e-03
-2.295697783166305087e-02
-8.848091873252897713e-03
2.172123285804587745e-02
7.612306058438789505e-03
-1.793659908705252069e-03
-8.848148269219192202e-03
-1.355115621350160698e-02
-4.145236706757346283e-03
1.936962710863000814e-02
1.231516403453970440e-02
5.260692531641194582e-03
7.612167980089462258e-03
2.172109046333485158e-02
-1.793791716426235486e-03
9.963630683371764787e-03
-6.496799009284136978e-03
-1.119980414396414513e-02
1.466654008765571650e-02
-1.793883985793398540e-03
-4.145394656227875153e-03
5.260536088927986187e-03
5.260522692339478397e-03
9.963486985828462830e-03
5.575238282907704797e-04
2.908993657538164884e-03
1.231493283150223404e-02
5.260461328605694868e-03
2.908959086979426290e-03
-1.119999018944396567e-02
2.908909816985121802e-03
1.466633783598793664e-02
5.574026075795383579e-04
1.701780550706039410e-02
-4.145593446863805875e-03
2.407224805860695011e-02
5.573686884512270507e-04
-1.794139172378870876e-03
-4.145649842811376627e-03
5.260280902347441549e-03
1.936920057599535172e-02
2.908782121752036352e-03
-1.120016715466840007e-02
2.908732851761673590e-03
-6.497238734580284419e-03
2.908689200976125825e-03
-8.848771230404577429e-03
-8.848801484603588050e-03
-8.848831738802598670e-03
2.908582232193106156e-03
-1.355185588926509019e-02
2.908530152603292299e-03
1.936893586168951173e-02
-6.497437972706817007e-03
-6.497465417301448616e-03
9.962929053376127012e-03
-1.794522949195384185e-03
-1.794544774586187205e-03
2.172032185041342794e-02
7.611395050815207043e-03
-8.849037451436203225e-03
5.259865364600218793e-03
2.908363122979862585e-03
-4.146119618320393344e-03
-4.146144253310646809e-03
-8.849146578380364878e-03
-4.146199142497941116e-03
1.936866467289926480e-02
1.231420159881783417e-02
7.611218940967924562e-03
7.611208353989706854e-03
1.466566430212871454e-02
9.962684453881211558e-03
-1.590370061892080328e-02
-1.355225045688336453e-02
7.611113275064481688e-03
2.908124998010743704e-03
-8.849335433363062289e-03
5.565896925958676135e-04
2.908059521853116440e-03
-2.060684513471638946e-02
7.610976703543426841e-03
2.907988426490674180e-03
5.259461065349344856e-03
-1.795018866345547172e-03
-1.120099607188345010e-02
1.936832584982572936e-02
1.231386277574725123e-02
5.564135827830754468e-04
5.259372257079069843e-03
-1.825552958988605964e-02
5.563396778221678472e-04
1.466525373227511864e-02
7.610785038991826380e-03
9.962263297059252912e-03
5.563001395314158505e-04
2.907769968790635540e-03
-1.120117930761994549e-02
1.936814261409218821e-02
9.962190694975952762e-03
1.466516060768354758e-02
-2.060717422606272650e-02
2.907669922122556577e-03
2.877403101137164521e-02
-1.120126465483669079e-02
5.259124196642967104e-03
2.407102156037920979e-02
1.466507526047172889e-02
2.171953963742189950e-02
-1.120129792247643447e-02
7.610579774041970405e-03
-4.146875038123078866e-03
5.560780169700720466e-04
1.231350322638526118e-02
7.610520568542250563e-03
2.907532291494424950e-03
-1.795461604760186522e-03
-8.849949965255402701e-03
7.610441695827649747e-03
-4.147013116337400392e-03
-1.795548906279053432e-03
-1.795570731659016598e-03
-2.295899216238670923e-02
-2.531052811922708534e-02
-8.850156125359899192e-03
-1.825614175970009800e-02
-1.590469440725619452e-02
-8.850266555133379232e-03
-1.795830274201370156e-03
2.907125590500100627e-03
-1.355331253094331327e-02
-8.850370714253879764e-03
-8.850400968436138160e-03
-1.590489775773758913e-02
5.554854745431663573e-04
-8.850488921384446275e-03
7.609902739705503433e-03
5.554256176248445129e-04
2.906895446890962222e-03
9.961345775837964975e-03
-1.796106226717779104e-03
-1.120208343224484392e-02
7.609794264280459949e-03
1.231276136739451778e-02
5.553121744421660871e-04
5.258270848748015230e-03
-8.850675618050304200e-03
7.609716043041617022e-03
2.171863852631164202e-02
5.258222881693400477e-03
1.466416486528451281e-02
1.936714039720579053e-02
-1.355369997228706574e-02
-1.796291620477452177e-03
5.258153089266706659e-03
7.609628537739610010e-03
1.936706217597286214e-02
-4.147822813365998479e-03
-1.120231398345475186e-02
-4.147880512119238132e-03
5.550725429837675279e-04
9.961008907370064863e-03
5.550457498560237325e-04
-4.147950955989169845e-03
-6.499464436000431874e-03
-4.148003035537594502e-03
-4.148027670509125096e-03
-4.148052305481641014e-03
9.960856129780289517e-03
-1.796595872770526429e-03
5.257848836976588593e-03
5.548577503371954428e-04
-1.120260549062226593e-02
-4.148172019284779820e-03
-1.796707809217564303e-03
-1.796729634583731213e-03
-1.796751459951868987e-03
1.701513747498996365e-02
1.466364928140430866e-02
-4.148263637054975736e-03
5.546894180519715408e-04
5.257648092363733164e-03
5.546570057272965249e-04
7.609104525078789691e-03
5.546274030069997616e-04
-6.499858147872012229e-03
5.545809426712732275e-04
9.960517307062499021e-03
5.545541495543693938e-04
1.936644589410156311e-02
-1.796950250189680237e-03
2.877238290994883763e-02
1.701495338422122361e-02
-1.796956724633683731e-03
5.545102950398810102e-04
5.257468969355584901e-03
7.608944417836371703e-03
-8.851488084391389080e-03
-4.148540648486299422e-03
-1.797076438414157073e-03
-6.500075953854859805e-03
2.905851981730128274e-03
5.257324620610478658e-03
-4.148644156101479775e-03
7.608775434127618316e-03
7.608764847175023341e-03
2.905776570143949952e-03
-2.296061693144065344e-02
-6.500242127955292888e-03
9.960152342749875251e-03
2.905678030282463683e-03
-2.531220431633990006e-02
-6.500343477415244063e-03
9.960050993288938753e-03
7.608554370901974943e-03
2.171747685418284196e-02
1.936599427980791391e-02
2.171748658591004383e-02
5.257070941301656385e-03
-1.797408990368599318e-03
9.960013409462906489e-03
-1.120339397323402535e-02
5.540171881908061103e-04
-1.355493489780050347e-02
-1.797526545978077881e-03
5.539404737004140168e-04
-4.149056232134924922e-03
2.171729642833059026e-02
5.539030936466816761e-04
2.905372922928566286e-03
2.905356716775098040e-03
-6.500614869532369763e-03
5.538242210187999028e-04
2.905294050301670053e-03
-6.500677536006783074e-03
-1.590666036072388087e-02
-1.590669904369660867e-02
-1.797804656435873175e-03
-1.590675955202663222e-02
-1.590679823499837470e-02
-6.500881537815132727e-03
-1.355537551749249822e-02
-2.060987792597610002e-02
7.607943912314266491e-03
-1.120397743494139925e-02
-2.060996587886232759e-02
7.607855959429025983e-03
-1.798110007669684665e-03
-1.798131833025011506e-03
5.533351866613639512e-04
-8.852639209244568541e-03
-6.501180618367386442e-03
-1.120418575300206367e-02
5.256203098508143573e-03
5.256189701962009873e-03
5.256176305417846820e-03
2.904674063834937654e-03
-1.590725290262357330e-02
9.959085709835819797e-03
1.701354446761369626e-02
-4.149854486266159846e-03
-4.149879121220938216e-03
7.607540469018999295e-03
1.701348526223321264e-02
1.936497475874279089e-02
-8.852887920651881376e-03
5.530372053454810002e-04
1.936492894990745825e-02
1.936493241097872464e-02
5.256002801819485010e-03
-8.852943664956168524e-03
-4.149996229037283477e-03
9.958912206244356982e-03
7.607415583866261946e-03
7.607404996927463227e-03
5.255905564948932206e-03
-4.150063211748244649e-03
-1.355604322685603595e-02
-1.825905679029399264e-02
-6.501654057666529478e-03
7.607251568014674128e-03
9.958729826113635331e-03
-6.501699866492993349e-03
-4.150238466006505623e-03
-2.061068501622856375e-02
-8.853285093201535699e-03
1.231008425799251342e-02
-6.501831470049469416e-03
-1.590781429475474074e-02
5.525689375536083428e-04
-4.150427768266949126e-03
-4.150452403213843178e-03
-6.501965883201454854e-03
-1.355645986286699474e-02
2.903926179046718240e-03
2.903909972906060493e-03
-1.120503930346510371e-02
-1.355656121225796637e-02
-1.799152860419773667e-03
5.523141592754707806e-04
-1.799193701504369497e-03
-1.799215526847871161e-03
9.958206873002356865e-03
5.255221405595371549e-03
2.641860761440977673e-02
1.230968643406465945e-02
1.466117031137533465e-02
2.171563468836590696e-02
1.466117442393319835e-02
5.255216885652549616e-03
-1.120521842615396745e-02
2.903681580327349080e-03
1.466110959938436362e-02
2.903663216064968338e-03
7.606624700004759217e-03
5.255125268035097837e-03
5.521341814232967648e-04
5.521151656841734616e-04
-1.590832576532420078e-02
-1.120538675820465478e-02
-1.799464441798860484e-03
-1.120544164729537530e-02
-4.151008175928326896e-03
5.254922569283704790e-03
5.254909172752352670e-03
-1.590850382912870065e-02
2.903368248227265053e-03
9.957818577209743768e-03
7.606321954843474342e-03
5.254822522875783608e-03
-1.120561278892679043e-02
-4.151179317557771378e-03
-1.799715107460007164e-03
-1.355718115799231169e-02
5.517160388905387397e-04
9.957652403311326172e-03
-6.502777289284462220e-03
-8.854293578866597944e-03
-6.502834987969705917e-03
-1.799884742435603089e-03
-1.799906567772206626e-03
2.903049296969667601e-03
5.515442458001181643e-04
-1.120591899512682343e-02
-1.799996678717086327e-03
-1.826044041932392559e-02
-4.151548841641949407e-03
5.254381903574024439e-03
1.936330157728106266e-02
1.701181619333230408e-02
-1.800093915493036854e-03
-4.151604585866415856e-03
5.254326159351528636e-03
-6.503131462368626561e-03
-1.826060313209983479e-02
-4.151711554417856012e-03
-1.355769156950790977e-02
-1.120623859781386296e-02
5.254150253715069753e-03
2.902648012151869215e-03
-2.296374548940120081e-02
-1.800392995806812712e-03
-4.151903666177235094e-03
-6.503417146149079869e-03
7.605488479548876829e-03
-6.503455177603675690e-03
-4.151993777100434872e-03
9.956914658198944001e-03
2.902440345766022205e-03
-1.355799777563009186e-02
-1.800589423778103113e-03
9.956832976086908010e-03
-1.826104094169669900e-02
-2.531554896935851035e-02
-4.152199285362588241e-03
-4.152223920291744745e-03
2.902217979893366006e-03
5.253690618810177675e-03
-8.855255847942810829e-03
-3.472166339750495934e-02
-1.800880726721982000e-03
5.505862929900151061e-04
2.902056122304419710e-03
-4.152426618932767745e-03
-1.826138432409341386e-02
-4.152492746403554230e-03
-8.855495071408231444e-03
1.230787427980749825e-02
1.230786931209913379e-02
5.504201191960556190e-04
5.504011034746702970e-04
-1.801106757286446459e-03
1.465929333266098415e-02
-1.801130740718165585e-03
-4.152641411080704517e-03
1.465924471430503535e-02
1.936222024627657148e-02
2.901801792103223150e-03
-4.152680949131007902e-03
-4.152705584055236925e-03
2.171364707644575509e-02
-6.504212793317930980e-03
-1.355870677296277735e-02
-8.855764956219144141e-03
-8.855795210349173482e-03
2.901618760716498813e-03
7.604580244677969399e-03
-2.061329648269917547e-02
-1.591036309476374921e-02
5.500201375721918340e-04
-1.591042079341647292e-02
-1.801526406118292983e-03
-1.120750361159411450e-02
9.955862930024135179e-03
-4.153077917514184231e-03
-4.153102552436442607e-03
-8.856104877434222561e-03
5.498202485946741607e-04
-4.153176457198290254e-03
9.955731978112912495e-03
-4.153208869424421593e-03
-1.801744659306947884e-03
-4.153255329663574011e-03
7.604164260610854140e-03
7.604153673703589224e-03
2.171307615702978630e-02
5.496828223892363677e-04
-6.504802728442474376e-03
2.171303596750076906e-02
2.171304223821090423e-02
1.465858197380184511e-02
1.230709097066404190e-02
-6.504824757347391594e-03
2.171301393859585357e-02
5.252598294032794456e-03
-1.801881637592130537e-03
1.465851845236318222e-02
2.901072069071380759e-03
-4.153410672155952166e-03
2.171294198835292330e-02
2.901037498751119804e-03
7.603998982718502761e-03
5.495218606969706982e-04
-1.801986000054291636e-03
-1.802007825370200789e-03
-1.802029650685124619e-03
-1.120800685615601887e-02
-1.120803991988057052e-02
7.603837776706814759e-03
-6.505105880429969990e-03
-6.505133324948723060e-03
-1.591111614962344503e-02
2.900755927760111010e-03
2.900739721651972823e-03
-4.153743019571417942e-03
5.492100355907139240e-04
-4.153786670196338120e-03
-4.153811305111698368e-03
-6.505324785064819405e-03
9.955069685688636497e-03
5.252084218314169439e-03
-1.120835109346179914e-02
5.490600680113206199e-04
9.954996432456744704e-03
5.490332750047866158e-04
-6.505452275819040460e-03
5.489868147814007740e-04
-1.802521045964934404e-03
2.900434818802561255e-03
2.900418612698365227e-03
7.603380096671660988e-03
7.603369509773264846e-03
1.465782545799012258e-02
2.641526752509169157e-02
7.603368654702587388e-03
7.603358067804191246e-03
7.603347480903824458e-03
5.488703588891901981e-04
-1.802637501856159657e-03
2.171222912322327489e-02
1.465776885882308540e-02
5.251811320577913500e-03
5.251797924075139214e-03
1.936071759780779583e-02
1.936072105892143805e-02
1.230625798491982725e-02
7.603275327149738340e-03
2.900287050173850408e-03
2.900270844070639703e-03
-1.802723052109078119e-03
-1.120870025757208718e-02
-1.120873332129072864e-02
9.954633220342302621e-03
-2.296621838749711778e-02
5.486229511616367779e-04
-1.802884909580756674e-03
-6.505884424965288626e-03
7.603021200757303748e-03
7.603010613861863574e-03
-1.591188842342103685e-02
1.936040556923867076e-02
5.484982700472696131e-04
5.484792543446078122e-04
-1.803028606396800100e-03
-1.803050431700884077e-03
-1.826349417227717681e-02
5.483750955098863839e-04
7.602822614924448566e-03
-1.803143352124004974e-03
-2.061507593773805741e-02
-1.120916485970543074e-02
9.954201681929571166e-03
5.482385244854959868e-04
1.465715257901826704e-02
-1.591220456457168031e-02
5.481786677829865364e-04
-4.154818037993225979e-03
-1.591228689809246269e-02
-1.356083673596928697e-02
5.480604609490389830e-04
5.251019135328796779e-03
1.700844996403059334e-02
7.602495235393740003e-03
7.602484648504212635e-03
-8.857947853656537515e-03
-4.155000417687394060e-03
1.230539686268029322e-02
-1.120949655539286473e-02
1.465684767632554134e-02
7.602378983126998127e-03
2.899390706159978969e-03
7.602352190144114584e-03
2.641425236356455611e-02
1.700830887334028874e-02
1.935979836990111072e-02
-8.858064309441334230e-03
-1.356107225362520458e-02
-4.155152746780428792e-03
-1.803688536642261133e-03
-1.826413227721362595e-02
1.700815890585451531e-02
2.171113724745407994e-02
-4.155233777245239887e-03
-8.858236102224295236e-03
5.476890238262808672e-04
-2.531870728729470471e-02
5.476200868102428778e-04
-6.506865463999787942e-03
5.250551316691941771e-03
2.171095983547615890e-02
-6.506900034259936391e-03
-2.061586054899441217e-02
-8.858460625915156803e-03
5.250442190213896847e-03
-1.120999312154433332e-02
-1.591300387532470009e-02
-6.507087178080358560e-03
-4.155625777540657324e-03
-1.591309463762905288e-02
-2.061611101061719062e-02
1.465617736285248357e-02
5.250219824621107055e-03
7.601695273175802618e-03
2.898706996216666911e-03
-2.061619766026021039e-02
9.953113023131973311e-03
9.953105245854708405e-03
-4.155835601658976197e-03
2.171051705887355049e-02
5.250101414336114103e-03
9.953065707929555778e-03
1.700752446576852747e-02
-4.155874488052199722e-03
5.250056257209104182e-03
7.601531705764785068e-03
2.898543428804664038e-03
5.470383776804448777e-04
-1.591340255327767378e-02
-8.858974701066165552e-03
2.898439270029069034e-03
1.465586728913929708e-02
-1.804556784205360717e-03
-1.121053398964964691e-02
-1.591354474342705771e-02
2.898327333980150848e-03
-1.356211078737457401e-02
-1.804702435482182041e-03
5.467645842692327521e-04
-1.121069865661040652e-02
1.230415673007910840e-02
-1.804781307825270359e-03
-1.356224735830534670e-02
-1.804839006412955376e-03
-1.121081621185428603e-02
-4.156382740433037064e-03
-1.121087391043802846e-02
2.898026096098472656e-03
7.600987580095419638e-03
-1.356242261212804029e-02
2.897963429844799006e-03
-1.121098584646723802e-02
-1.356250775520195968e-02
-4.156588248341416131e-03
-4.156612883228198545e-03
5.249317862040004355e-03
7.600793310601597179e-03
2.897805033650345356e-03
-1.826561077777595979e-02
-3.237458534051064485e-02
-8.859755240235901025e-03
7.600636420945694992e-03
9.952114679111667694e-03
2.897640366726047037e-03
1.700655723088290508e-02
-1.805352877889222990e-03
1.700653605713932717e-02
9.952070173561915201e-03
5.249084706216026845e-03
5.249071309741830393e-03
-8.859875156964843596e-03
-6.508416566014737191e-03
-6.508444010499985811e-03
-1.805493764908726664e-03
2.406086170523803400e-02
1.700640425046882898e-02
5.459829867393878756e-04
5.248941661137869301e-03
-4.157027115489340952e-03
2.897414784745042018e-03
1.230335395882637892e-02
1.230334899116039028e-02
2.406078824869305882e-02
-8.860046501502351693e-03
9.951834004720947272e-03
-1.356306222293491084e-02
7.600301509124290748e-03
7.600290922254472441e-03
-1.356311926996208936e-02
5.248755617056394610e-03
1.700618644578085620e-02
-2.061763442329729926e-02
-4.157256810123798572e-03
2.897185090113541233e-03
5.456800390031186533e-04
-1.356327204690442774e-02
-2.767224099042740401e-02
-1.805916425904168779e-03
-8.860404786295912605e-03
-1.826639042053559633e-02
1.465441191751547766e-02
1.230292091441906148e-02
1.465440479179674731e-02
1.700589147878078106e-02
5.454702150533109273e-04
-4.157526490696294291e-03
7.599893099620507950e-03
2.896904822678125335e-03
5.453997715696735091e-04
-8.860574624256437742e-03
-1.356358256841665860e-02
1.700573654380146960e-02
1.700573719534916386e-02
9.951271311779634476e-03
2.896796999401898571e-03
5.248269638371924617e-03
9.951233931985074485e-03
-1.806218070470153860e-03
-6.509217585820195606e-03
2.896710349856438781e-03
9.951160678906913887e-03
-1.806291323548315326e-03
-6.509290838897371749e-03
-6.509318283374736051e-03
-1.356381226296833782e-02
5.248062624059014920e-03
-6.509394997599057993e-03
-8.860911287112211571e-03
-8.860941541190013593e-03
5.247961274963677467e-03
-1.806518656612961064e-03
5.247926053232698611e-03
7.599401501808088558e-03
-6.509542155283367000e-03
-1.121254728983526669e-02
2.896352716717987084e-03
-1.806641179422312834e-03
-8.861129539807159616e-03
-1.826711517403994262e-02
2.896242938823311019e-03
5.447378877217575388e-04
-6.509747663058710124e-03
1.700511334285631504e-02
2.896180924176459254e-03
-2.061872373227282423e-02
5.247609261068472697e-03
1.700504008980180393e-02
-6.509847709033035439e-03
5.445913816117508568e-04
-6.509894169167731483e-03
-4.158432768600436868e-03
9.950475666764966448e-03
3.581684518493952890e-02
1.935644639804215764e-02
1.230198332408193561e-02
1.465346720147243063e-02
2.896020818229900953e-03
2.896004612167093692e-03
-2.061890004427923209e-02
2.895944104024302749e-03
9.950394433080688925e-03
1.230187550086680667e-02
1.465335937825533105e-02
-1.121302007521671890e-02
-6.510075448813522521e-03
5.247341331910727186e-03
1.465328331560826827e-02
1.230179231252466303e-02
-1.356458995055176593e-02
-4.158670443672498641e-03
9.950237991694876188e-03
-6.510191700826019855e-03
-1.807241455216037187e-03
5.442255645600137162e-04
-2.297068190148773489e-02
9.950114817369362652e-03
-6.510314875150546333e-03
-1.121332000969456344e-02
-2.061930845352187222e-02
-1.356488622048561757e-02
1.700443289174531983e-02
7.598478163148870805e-03
-1.121344318401022201e-02
-1.356496509272030714e-02
7.598398639356632005e-03
1.700434343266249426e-02
-1.356501090128069999e-02
7.598352830796238286e-03
5.438757088308765692e-04
-8.862098686982424617e-03
-8.862128941048401029e-03
2.170719579039129613e-02
1.700422437108109475e-02
-4.159174582706129733e-03
-6.510688062606036393e-03
-6.510715507068619116e-03
-6.510742951531201840e-03
5.436961391224535544e-04
-1.356525594676439780e-02
-6.510825284917964688e-03
5.246591495814168470e-03
2.170700001463583134e-02
7.598073215171631707e-03
-6.510870441906027595e-03
7.598035183865837865e-03
1.230100228709716213e-02
-6.510913440853173528e-03
5.246503339879944952e-03
5.435122533538781428e-04
2.894982082740219995e-03
-1.356545603858099955e-02
-6.511025376732594919e-03
-1.591700820134720612e-02
-1.826853572925422192e-02
-1.808155306454662953e-03
-1.591711020194096562e-02
-8.862682349693984038e-03
1.700366469167314751e-02
1.700366534323956638e-02
7.597710614652969721e-03
-8.862721887461464179e-03
-4.159774451445020019e-03
-4.159799086298297116e-03
1.700357588419615373e-02
1.465208769072579888e-02
1.230059668765303392e-02
-6.511319040293360449e-03
7.597586585482446302e-03
1.465204253375645971e-02
-6.511359229626274142e-03
5.430798610342800307e-04
-6.511405689730420839e-03
-8.862921979224851546e-03
2.894491991910787352e-03
-1.121445728436675816e-02
-1.808534967871288420e-03
-8.863023328237410597e-03
-4.160075892217025145e-03
2.894366008047906738e-03
1.230030518215782104e-02
5.245833679409099386e-03
7.597309128006169039e-03
-4.160145684025845156e-03
-1.121463685399338994e-02
-8.863181072613171910e-03
-8.863211326668308035e-03
-8.863241580724429483e-03
-1.121476067981732466e-02
-6.511816053397376063e-03
2.894111882305865514e-03
-6.511859703889261164e-03
-8.863375993379749712e-03
-4.160428557355422968e-03
1.700294641314592861e-02
-4.160452540629470258e-03
-8.863454865554327641e-03
2.893959105587224061e-03
2.893942899547081397e-03
-1.121500637672652283e-02
-1.826950597549734795e-02
5.423632923527830661e-04
5.245321966789696748e-03
5.245308570352946904e-03
1.700273939911189913e-02
1.935422889572691735e-02
-6.512144938520608543e-03
9.948249532302812226e-03
7.596752910032132135e-03
1.465120885831501345e-02
2.170567323540807322e-02
7.596746435955699199e-03
1.465120238423956583e-02
1.700268907125316448e-02
7.596734342674452134e-03
1.700267913599706401e-02
1.229970209749584563e-02
5.422529046755447755e-04
-1.809254956004765526e-03
1.465114513402445556e-02
5.422099057668306648e-04
5.421908901282227692e-04
1.229961609968334597e-02
5.421669068610729565e-04
7.596614426338703721e-03
-4.160840385687398536e-03
-8.863842710609299083e-03
-2.062131718985126677e-02
-1.591838380183404830e-02
5.419994305807285554e-04
5.419804149440915226e-04
-1.121548282588824726e-02
-4.161049354419697581e-03
-1.809585144224373819e-03
2.893370720614073764e-03
-2.062153393580761634e-02
-1.591860054779039788e-02
2.893271529669037140e-03
2.893255323634807714e-03
-6.512716262552435513e-03
2.640810012354811998e-02
7.596201253228982396e-03
5.417241312872711403e-04
-6.512761419464619013e-03
-1.121576655398597022e-02
1.700206652283425129e-02
1.229908948433993017e-02
1.465057336175703238e-02
7.596104668620572327e-03
9.947582926832858677e-03
-1.809869075583936653e-03
5.415979442177358983e-04
2.170497853393375462e-02
-1.809903645665719750e-03
5.415633741379237724e-04
7.596010893619496371e-03
-1.809955073359976107e-03
-4.161465743633825133e-03
-1.356744575862828955e-02
-6.513015096758206085e-03
-1.121602023127561513e-02
-4.161586759803124168e-03
5.413662954378433995e-04
-6.513119255311090351e-03
1.465025290559967761e-02
5.413176773509215892e-04
-4.161679028357295404e-03
2.892762871924389571e-03
2.892746665895087194e-03
9.947196994984979987e-03
1.700165575288012376e-02
1.229867871438974393e-02
-1.810259323460435129e-03
-6.513258838770073431e-03
-1.121626397328452651e-02
-2.062225241708227214e-02
-4.161874803861469879e-03
-6.513388283733784027e-03
-2.297383764343999615e-02
-6.513462839823572909e-03
9.946931631013644984e-03
-6.513498061475716389e-03
-1.356799204102694494e-02
-1.810583689075426651e-03
-1.810605514304616543e-03
5.408615055059249992e-04
-4.162135200196378539e-03
1.464975092528002232e-02
1.229825992223287923e-02
7.595277264541626557e-03
-6.513666392510410012e-03
2.892261543211554868e-03
-1.121668773304332692e-02
-1.356820964171990586e-02
-4.162290134804178150e-03
5.243640610521179551e-03
9.946604904178675891e-03
1.700106366207973160e-02
5.406423984025196658e-04
1.700104529804991743e-02
9.946579414527688748e-03
2.892105102197253547e-03
1.935251081144804403e-02
-4.162374177742999941e-03
-4.162398812574597332e-03
2.892043087713985772e-03
5.405380366557915959e-04
1.229796324622569638e-02
9.946469433579102626e-03
1.229795050140365144e-02
-6.513965226517121065e-03
-1.121697036102467689e-02
-6.514025734582061522e-03
-4.162564333973379008e-03
-1.121705550391530193e-02
9.946311037799521540e-03
7.594814415549534098e-03
-4.162640396459815068e-03
-1.121713156640173799e-02
-4.162698094918405867e-03
-4.162722729744091320e-03
-2.297465812487875861e-02
-8.865772166289255865e-03
-1.811335885203516679e-03
-1.811357710426793983e-03
1.464904237962509279e-02
2.405499560177562154e-02
5.243093921871814882e-03
-6.514363699736000490e-03
1.935198615126507149e-02
1.700050076742767174e-02
7.594546038871624431e-03
7.594535452059947116e-03
3.110941331563671711e-02
7.594542374464609627e-03
7.594531787652932311e-03
2.170345427107570405e-02
2.405494938691721610e-02
5.400700169369016673e-04
2.891539846357734159e-03
-4.162942894775980944e-03
1.464894323071224552e-02
-1.592041391279492429e-02
5.242947009718040147e-03
5.242933613306912169e-03
-1.121750169837642391e-02
-1.121753476200637416e-02
5.242854089635883702e-03
7.594329538263501836e-03
2.405474086672600501e-02
1.464879456698013616e-02
5.242837028823653725e-03
5.242823632412525747e-03
7.594299081040143881e-03
-2.297506649127326050e-02
-1.356915822275927934e-02
-4.163238715832711344e-03
-2.297517411096540799e-02
-3.002968775771969190e-02
-8.866343692817231156e-03
-8.866373946841817066e-03
-2.062384842605816462e-02
-2.767835926321201082e-02
-1.827245661389890335e-02
-6.515053881136431864e-03
5.242362899638075384e-03
-1.121807241204131854e-02
-8.866616630625625411e-03
5.242286185586206640e-03
5.392950991034990271e-04
5.242253773569975975e-03
5.392626870882536849e-04
-4.163734018601239137e-03
2.890707881701139355e-03
9.945158210810741209e-03
1.699961696872756556e-02
5.391957050631629271e-04
1.229662091464587756e-02
1.935108248216609386e-02
1.699959709833854735e-02
2.875704197514008728e-02
2.890679379335693664e-03
7.593640863404577460e-03
1.229660796668024733e-02
1.464809184412198609e-02
1.464808968612738536e-02
1.464808752813278638e-02
1.699957421517791709e-02
7.593619486630739414e-03
1.229658658990838080e-02
5.242115087195134242e-03
2.890612845751173391e-03
1.464804086493925149e-02
-6.515360898403078048e-03
-8.866877187860061280e-03
-1.121839628691649604e-02
-1.356991819557632449e-02
1.699940091670684369e-02
7.593446188160651346e-03
-6.515497468870691707e-03
5.389416218312508000e-04
5.241900296300683500e-03
-6.515557325294320072e-03
5.388817654056513549e-04
5.388627498005485591e-04
-1.812645110843300348e-03
9.944777289140949161e-03
9.944769511943505821e-03
7.593272889711256794e-03
5.241773457873644300e-03
-8.867173008760106251e-03
2.890240962417907171e-03
1.699915782664965930e-02
7.593203098104453139e-03
-1.357020709404017228e-02
5.241667793050249803e-03
5.386767065714841325e-04
-8.867297689186632789e-03
-1.812861408084140945e-03
9.944560991902079428e-03
7.593064369670816591e-03
1.699900916302989062e-02
-4.164389790705103934e-03
1.464749633479494814e-02
1.229600533176751324e-02
7.593022674098926471e-03
-4.164432137888742988e-03
-6.515945617737406784e-03
5.384934729694630965e-04
9.944429837523286256e-03
2.889955525213545873e-03
1.229589469936780664e-02
5.241423196663428860e-03
5.241409800266097138e-03
-1.121902551140344269e-02
1.229582987536983509e-02
-1.813108162451765705e-03
9.944314237539381499e-03
2.889839925230626438e-03
-6.516131660922125715e-03
5.241285119862235629e-03
9.944249413545352967e-03
-1.813202588839909210e-03
1.699868634626846078e-02
-1.813223762426801472e-03
-4.164734432667144964e-03
1.699864053787756429e-02
2.170161887957370445e-02
-4.164752145032982883e-03
-4.164776779836987762e-03
1.935008703574745553e-02
-1.813309108381192187e-03
2.405304636184243255e-02
2.889655836919586239e-03
9.944106166038055999e-03
-4.164834681383980559e-03
-6.516348161226731550e-03
-1.121935329570965083e-02
-4.164919824203653677e-03
-8.867922149084165456e-03
-6.516463558054239220e-03
2.170137513800528620e-02
1.699840371875322581e-02
-1.813506389936123207e-03
-1.813528215135749942e-03
5.379388047023841123e-04
-1.357101328112632690e-02
-1.813604929144259489e-03
7.592328625810112683e-03
-1.121959272128689698e-02
-1.357111462993489982e-02
2.889271412125645790e-03
7.592232896209311598e-03
1.229519999949877686e-02
2.889239651760581746e-03
7.592201135846218633e-03
7.592190549059177861e-03
5.240691117232405653e-03
2.170109963611516549e-02
-1.813782543445877386e-03
5.240662166473690833e-03
5.376710800067502306e-04
-1.121979216078124349e-02
2.889107845844933724e-03
3.345844662535677611e-02
2.405251156404221782e-02
-4.165345495990952288e-03
9.943562939443432308e-03
7.592066317221038245e-03
-1.813899649720001651e-03
1.464650044035356591e-02
1.464649828237473209e-02
1.464649612439688532e-02
2.875542703665151523e-02
2.170097520117285697e-02
-1.813906978387199928e-03
2.889048886495593042e-03
5.240521525542483385e-03
2.889019284116260081e-03
5.375142330876293882e-04
-2.297739323289310978e-02
2.888936950915746687e-03
5.240409589964608109e-03
-1.814070341538121878e-03
-1.814092166733806888e-03
-8.868580527042773179e-03
7.591811134227513178e-03
2.888822857364950827e-03
9.943273186493274685e-03
2.405219847954604556e-02
-4.165658580486140093e-03
5.240272164873708248e-03
1.934919183872067794e-02
1.229472876483337848e-02
5.240257262139841853e-03
-4.165711514401634896e-03
5.240219230959199635e-03
-1.814260700543530785e-03
5.372063193034722593e-04
5.371873037131511507e-04
7.591634823241039456e-03
-1.357177536888978971e-02
5.240099518215413955e-03
7.591574966870624601e-03
1.934900860528224187e-02
-4.165876383874310591e-03
5.370766714110023626e-04
1.229450188101638246e-02
1.934896344855630695e-02
-8.868899230676751538e-03
2.170042550082896746e-02
-1.814456678723205558e-03
2.888499186162543815e-03
3.110634912064451016e-02
5.370116443847423957e-04
-6.517473906320831942e-03
-1.814523660637926486e-03
-1.814545485826713151e-03
1.229436575921500664e-02
-2.297797188394052822e-02
-2.062653015051223518e-02
2.888313997865208857e-03
2.405169739723093600e-02
1.229426225247687299e-02
7.591279594826022895e-03
5.239780163008120328e-03
1.699721099182127312e-02
2.888278573221238037e-03
-6.517693012916732538e-03
5.367460778059039185e-04
-2.062667254312820428e-02
-4.166294929863057286e-03
-1.814830719613534258e-03
2.888125145276156623e-03
-4.166357595821097194e-03
7.591061994582424741e-03
2.888073717730702244e-03
9.942524046865925530e-03
7.591027424653385564e-03
-1.592387161251027777e-02
7.590978155075924286e-03
5.365010331834853567e-04
3.110583700310671704e-02
-6.517967008263375606e-03
5.239449772539709477e-03
7.590925221200832927e-03
5.239425789387856976e-03
5.239412393011219637e-03
-1.815067538482641359e-03
5.363994813712597053e-04
1.229382469098452314e-02
-4.166602191856114482e-03
2.887839708473856955e-03
1.699675657272827281e-02
-8.869620071061547206e-03
-6.518161480013883423e-03
-1.815211234326050702e-03
1.934816654584077533e-02
2.887748091810316171e-03
-4.166734649283981677e-03
7.590684941124467740e-03
9.942163199390955525e-03
-4.166777648012359031e-03
-1.122126881791387851e-02
-1.122130188150539769e-02
-1.122133494509691513e-02
-4.166901473572195112e-03
-1.122139264347075775e-02
5.360185181324392733e-04
-4.166978187523548774e-03
-8.869980512383366170e-03
7.590411148901701766e-03
2.887422872054907184e-03
2.887406666078818750e-03
-6.518564920051268807e-03
2.887363015720954482e-03
1.464479103493958149e-02
5.358558067460101769e-04
7.590303326286709090e-03
1.229327042959588341e-02
5.238798926916143038e-03
-8.870147539688044355e-03
2.169917719183048557e-02
1.464471692756136138e-02
-6.518684835749434352e-03
-1.815734590053718397e-03
-1.827617833050190418e-02
7.590157472529506129e-03
9.941635730801905851e-03
5.238650263558503224e-03
7.590125712227510126e-03
9.941603970499909848e-03
-1.122180341201372937e-02
1.464454081982687235e-02
1.934751635194622427e-02
1.464454212311541020e-02
2.405049534531127076e-02
-8.870339404780670442e-03
5.355857213911162113e-04
7.590033240932800122e-03
-1.827635464125778111e-02
5.355146266583735853e-04
5.238473301163282247e-03
7.589948749834260662e-03
5.238449318029168161e-03
-1.816030613452867875e-03
2.886925251449633939e-03
-4.167557489635794268e-03
-2.297949288472315998e-02
5.238326144144149488e-03
-1.816153787336901009e-03
5.353132325278400164e-04
2.886783061996959186e-03
-1.122216621420470822e-02
-6.519221587709864672e-03
5.238195193107016666e-03
5.352041066647128227e-04
2.886673936132846778e-03
2.886657730165627551e-03
-6.519313855955590799e-03
-1.816363610255933118e-03
5.238081099690241639e-03
7.589556548365161345e-03
-1.122236479870622645e-02
-6.519420172210398448e-03
-1.122242530666276925e-02
1.229243008014500003e-02
1.464391395763009820e-02
-1.816510115596307396e-03
-6.519509630842877657e-03
2.886418304938214406e-03
-1.816575591104526181e-03
-8.871063951390827443e-03
-1.122258305040587344e-02
-1.816660733828611481e-03
5.348062860420421324e-04
5.347872704763571329e-04
-1.816720590129059301e-03
2.886235274781325747e-03
2.886219068819033569e-03
-8.871241362337974057e-03
-1.122276046135203473e-02
-1.816838144772801693e-03
2.886117720137583356e-03
2.886101514177262257e-03
9.940551843331207546e-03
1.934649944633210980e-02
-4.168385542797837205e-03
5.345675125091555640e-04
-1.816940348090348390e-03
-1.816962173257455132e-03
-8.871450533538828911e-03
5.344745926428110796e-04
5.344555770820533453e-04
-8.871518818636644696e-03
-4.168571382530525740e-03
2.885870517818169001e-03
-1.592605644844916415e-02
7.588793319159701199e-03
7.588782732406165743e-03
-1.592611630473581702e-02
5.342669277577969484e-04
1.699466982746826102e-02
5.237226253932596512e-03
5.237212857576653557e-03
5.342217711442034857e-04
-1.817286089453329498e-03
7.588647465538490150e-03
7.588636878785940017e-03
-8.871795623237832898e-03
-1.357480356728374242e-02
-6.520372905340734646e-03
5.237043875487972303e-03
-8.871902591098476676e-03
5.340225350871057996e-04
-8.871951860624694222e-03
5.339732655628587907e-04
5.339542500050573504e-04
-1.592648668082495209e-02
-1.122354767352112814e-02
-1.357506958212872754e-02
-2.062957199041622405e-02
-4.169194377122500093e-03
-4.169219011882159369e-03
7.588200578549939533e-03
5.337234566860787639e-04
-4.169273248945273500e-03
-1.122376441882314176e-02
-1.592677517246653129e-02
-1.592681385523724361e-02
-4.169408312815208947e-03
5.236522432580115356e-03
-6.520935188960688515e-03
-1.122394032339827687e-02
5.334708382295564851e-04
2.884940667715428422e-03
-4.169542073348320513e-03
-4.169566708106994465e-03
1.464231941744725644e-02
5.333841892773348277e-04
7.587831708843655390e-03
5.236332277060242596e-03
1.934525195094663128e-02
7.587811187021255982e-03
2.884822910201068156e-03
1.934522861952379588e-02
1.464225439071465892e-02
-1.818169682493023156e-03
-4.169680352683109541e-03
5.236250392715171599e-03
1.699368122156379862e-02
-6.521206577156727670e-03
-4.169745176477093231e-03
9.939163259001636969e-03
-1.818288743331396805e-03
-1.122426594864067706e-02
-1.818343632045676906e-03
-6.521343147276479832e-03
-1.592732597178761825e-02
-6.521409274397433307e-03
5.236007506441127737e-03
2.404790487040895167e-02
-2.298186294989083139e-02
-1.122446583627010643e-02
-1.592747658990758403e-02
-6.521559892517396484e-03
2.884368043285374852e-03
-8.873092387852910337e-03
-1.122461148684726108e-02
-6.521666860329753367e-03
-2.063062737491542717e-02
-1.122471629672710039e-02
5.326948649086164127e-04
5.326758493636257969e-04
5.235634523896127296e-03
9.938598817636399435e-03
2.169603526569575599e-02
-8.873313448930282565e-03
-2.063078792807764711e-02
-6.521899159810843651e-03
7.587006466070405665e-03
-1.818959500821361796e-03
9.938462899228912156e-03
9.938455122096507069e-03
-1.818996880230613032e-03
9.938425519817689624e-03
7.586928897646539292e-03
-1.357648129443698830e-02
-2.063098370271069029e-02
5.323716006743240987e-04
2.883841430171035780e-03
5.323363791936483848e-04
1.464125043388704757e-02
5.323152057259949435e-04
1.228974041538064693e-02
1.228973544785163553e-02
7.586752790246117234e-03
7.586742203513275294e-03
9.938220461819181201e-03
-1.592816461073844753e-02
-4.170759068301630422e-03
-1.122525023816176200e-02
5.235138613556375269e-03
7.586614062259872809e-03
2.875000308087771739e-02
1.464108471033800755e-02
-8.873805897976058329e-03
5.321192282312045031e-04
-6.522366322425096966e-03
-1.122537145684790461e-02
-1.592838221047651256e-02
-1.357693204819468077e-02
-4.171012541190261859e-03
9.937895894300292216e-03
-6.522533798097421981e-03
1.699232720794472545e-02
1.464083901458769314e-02
9.937859166586553855e-03
-4.171081680773400420e-03
2.883360219602886399e-03
7.586321703746664279e-03
-1.357708848833094964e-02
-2.063159089659775264e-02
5.234742096869679506e-03
5.317510104618656521e-04
-6.522734540189509093e-03
-4.171273139493121562e-03
9.937635295999404025e-03
1.464060520895336080e-02
1.699209189607338646e-02
1.699209254775510200e-02
9.937626664322549846e-03
9.937618887198029077e-03
1.699207764518974664e-02
9.937611761756209167e-03
5.234626294555180630e-03
-1.122580901704636411e-02
2.883090989640910498e-03
-1.122585828652330857e-02
-1.828035788518573429e-02
7.585977917889032834e-03
-1.819988048992880313e-03
5.234456660987785517e-03
-8.874489805572056272e-03
-6.523031214474134080e-03
-2.063199172904896933e-02
-4.171614115730607093e-03
-4.171638750466616884e-03
-1.122612992031886414e-02
-1.357765182890084167e-02
-4.171732321890510818e-03
-1.357771233678150419e-02
2.882673705345065000e-03
-1.820320190659243222e-03
-1.122629739594487377e-02
2.404600221609407354e-02
1.228856707139716273e-02
5.234095568763738604e-03
-6.523362052755386428e-03
-6.523389497089860690e-03
2.882538438728677547e-03
5.234011077840607443e-03
-6.523446543673590108e-03
-4.171985142971289771e-03
9.936923292528133944e-03
1.699138205052773409e-02
5.309607869470967054e-04
-1.820547073618902041e-03
1.699134186156042031e-02
1.463985366821324470e-02
1.228836266526366246e-02
3.580324614813492484e-02
2.639731389649076568e-02
-1.820540353873972709e-03
2.882415511074844922e-03
-1.820578384927492438e-03
1.228833286017532410e-02
-4.172094022609143180e-03
9.936814412891264992e-03
1.228829548081337465e-02
2.169424589345609819e-02
-1.820636286035962319e-03
-4.172146956202397484e-03
5.308060991430272159e-04
-1.820701761421986099e-03
-8.875190121664927947e-03
-1.820753840484586701e-03
2.882202024465216252e-03
-6.523769561611656928e-03
-6.523797005944160544e-03
1.228808631003626070e-02
5.233614807405791679e-03
7.585090256126042312e-03
-1.828129762601723995e-02
-1.357836142828330178e-02
-4.172441921267058991e-03
-6.523955401033930575e-03
7.584950224869983770e-03
-8.875482277116342536e-03
-1.357849022112677523e-02
-2.533597031945826125e-02
-1.821131790219606252e-03
5.233312919773870295e-03
2.881810678419584239e-03
5.303056274619056881e-04
1.934219737225151975e-02
-6.524176461876768189e-03
-2.298462582147556624e-02
-1.122722870782725049e-02
1.463911552406853625e-02
5.233157986007641420e-03
5.233144589692101042e-03
7.584620038417278290e-03
2.404503136697733884e-02
1.228759622228929940e-02
2.881635874626983264e-03
-4.172846866406216756e-03
1.463903925918153860e-02
2.874797017151007467e-02
2.404500718114309030e-02
1.228757203645701977e-02
2.404501129414341951e-02
1.228757614945636366e-02
-4.172850733323177005e-03
9.936057702187086130e-03
7.584561080039587018e-03
-8.875871421944767775e-03
2.881542549321934685e-03
5.300374983672121029e-04
5.232996172926321007e-03
2.881493931574991355e-03
-6.524477654495969454e-03
-1.821527408742112074e-03
5.232917301254320225e-03
5.232903904941737551e-03
7.584379353668885444e-03
-6.524564303272781945e-03
2.881363632557582335e-03
-2.063354102374289831e-02
1.228725850486146742e-02
5.298093121623756018e-04
9.935745676801933240e-03
5.232760209619628441e-03
-8.876186256923461124e-03
-4.173238820771025918e-03
7.584180769702462618e-03
-1.821785197159741252e-03
-6.524784712355067781e-03
5.232632068517983903e-03
-1.357929208810161256e-02
-6.524861426116230698e-03
-1.357935540555216258e-02
-1.593088012371979625e-02
5.232480798897626295e-03
2.880978557551224558e-03
-8.876481873550598478e-03
2.880932097720045708e-03
2.880915891810967473e-03
-1.122803338433157189e-02
-1.828253298297133345e-02
-1.122810794018682529e-02
-4.173674468595094632e-03
9.935233966923051954e-03
2.639564810509340345e-02
-8.876672680369835505e-03
2.880741290902780628e-03
1.934114700026591180e-02
1.463817277150013425e-02
1.463817061360309264e-02
1.698965730074775485e-02
1.228668026237661297e-02
5.232208759763883228e-03
-4.173760016696786632e-03
1.698961495393759916e-02
7.583660225490936567e-03
-4.173794586404100393e-03
1.463809153919055396e-02
9.935111691218976096e-03
-1.822340311075624662e-03
5.232104398930662384e-03
-8.876842067608484155e-03
2.880571903668072403e-03
-8.876888527431779988e-03
-6.525429936310207443e-03
7.583475689606517835e-03
-1.822490277248787907e-03
-8.876978637474977965e-03
-8.877008891392151532e-03
9.934871614999660205e-03
5.289084577487317401e-04
1.228633366743491807e-02
5.231862164825144303e-03
-1.358006199178656871e-02
-1.122860901986980943e-02
5.231779831883802932e-03
-1.822700099533193551e-03
5.287669203965869201e-04
5.287479048910139921e-04
5.287288893864266039e-04
5.287098738828246471e-04
5.286908583782372589e-04
-4.174305847203842353e-03
2.880136053202008491e-03
-6.525835532855156496e-03
-4.174374132126248971e-03
-4.174398766835650705e-03
-4.174423401545053307e-03
-1.122891457136970805e-02
-1.593192532496185213e-02
-4.174519782487591882e-03
9.934388653037454567e-03
5.231403185867959833e-03
1.698883401476487462e-02
1.463734582144134849e-02
1.934032135363362645e-02
-4.174563635437193374e-03
-1.823099425106863890e-03
2.879856439869546252e-03
7.582817924047815204e-03
-6.526125732878085284e-03
5.283133579283143559e-04
7.582760877544892676e-03
2.874614989620018560e-02
2.404318690585290422e-02
1.698872945126009629e-02
2.879797032744810682e-03
-8.877663398347158258e-03
-4.174715962180926797e-03
-8.877718286963879463e-03
-6.526259695834422600e-03
5.281793949739477939e-04
-6.526306155641950664e-03
-2.063526667018130908e-02
-1.358084443698541303e-02
9.934008140287943836e-03
5.280449830448996889e-04
-1.122941825764750545e-02
2.879481749076230439e-03
-1.593244521712901957e-02
-1.823550829614041264e-03
5.230893880405056498e-03
-1.823586051003070561e-03
2.879369813975310444e-03
-4.175112927034239224e-03
5.278401283407491758e-04
5.230798802921537462e-03
-1.122963650863960383e-02
-1.122966957214735842e-02
7.582208124653868828e-03
-4.175246687227371876e-03
2.879195213189318387e-03
5.276901622582469160e-04
-4.175306543313978165e-03
2.879135357103697855e-03
9.933585686328596370e-03
-1.122982169610522302e-02
2.639396676100991615e-02
2.639397865114363403e-02
2.879102090888908082e-03
-1.823891805079923961e-03
5.230552904940159557e-03
1.463649488880719614e-02
1.698798157596860883e-02
2.169095991776920709e-02
5.275665833493963864e-04
7.582014102971886861e-03
9.933492361325093473e-03
-8.878426176068007422e-03
-1.122994527501013085e-02
-1.824022958358960346e-03
-4.175533628492876168e-03
5.274194268870394976e-04
2.878889256434008937e-03
5.273842055058936516e-04
5.230342880092594959e-03
-1.123009243146558950e-02
2.878807575264058765e-03
2.878791369375674914e-03
9.933241698603529832e-03
1.463621161159986070e-02
-1.593314553177821447e-02
-1.358169536944711132e-02
5.272018276791434668e-04
-1.824306032849408237e-03
-6.527305548020099525e-03
-6.527332992315156533e-03
9.933061478659039462e-03
5.230076011503340984e-03
-4.175892764934662979e-03
-1.824428554589552134e-03
9.932993845512950656e-03
9.932986068435730592e-03
5.270229112005702212e-04
-1.824484949323054326e-03
-4.175995619453027989e-03
5.229935126009306948e-03
1.698736595492100418e-02
1.463587776161225963e-02
1.463587560374182521e-02
1.933885113594592531e-02
7.581410372083620224e-03
2.878422095327486194e-03
2.878405889443044069e-03
9.932856218674840712e-03
-6.527573473672616811e-03
2.169026522249826658e-02
2.878360733123113378e-03
2.639323297762810258e-02
1.228431179753624453e-02
9.932817985024655627e-03
2.404174327818188461e-02
-1.123058031686109681e-02
7.581297379949000076e-03
5.229797948232597048e-03
1.463573993210653262e-02
-4.176172986075841337e-03
7.581246604429181003e-03
-8.879185897522654664e-03
2.878228073777553981e-03
-1.824765822182409505e-03
1.463563426800251234e-02
1.933860980020858655e-02
-8.879252878920015565e-03
-1.123077197785425640e-02
-2.063676042150517156e-02
5.265948819369994710e-04
-4.176401823623400109e-03
-6.527915303350854438e-03
7.580990322590507383e-03
-1.824975644239177361e-03
-1.824997469325477864e-03
5.229447240705445941e-03
-8.879499225804138307e-03
9.932381280613293562e-03
7.580884658503240191e-03
-1.825081308326444553e-03
2.877874556667703570e-03
2.168976911109914141e-02
7.580842311806410515e-03
5.229342880094935836e-03
1.933826255405128938e-02
4.520464331081680553e-02
3.815021114266536895e-02
5.264155602040001799e-04
2.877885389760824041e-03
2.877869183882294721e-03
-8.879591247190950914e-03
-6.528132656044741827e-03
2.877795279822083739e-03
-4.176687461171698160e-03
1.463519866445153403e-02
7.580729971471759400e-03
-6.528213685433446704e-03
2.404111385578209387e-02
-8.879720894216229510e-03
-4.176773458028317475e-03
5.261795973653941210e-04
-4.176817108192049273e-03
5.229113637279154438e-03
9.932077931082495051e-03
2.877603618895935647e-03
-4.176879122096860929e-03
-1.358285913693365460e-02
-6.528428474910826992e-03
5.228988305995730008e-03
2.877486064684803800e-03
-1.825507831267276235e-03
-1.123148503650264751e-02
5.259261252020502441e-04
5.228884799802547591e-03
5.258937134548460251e-04
-8.880080682177132756e-03
-8.880110936064743166e-03
-1.825674654835129484e-03
-6.528674169991038542e-03
5.228742610921431264e-03
9.931706904728714036e-03
2.877232592546095924e-03
5.257275416347330799e-04
7.580175061275947618e-03
-1.828621282081707711e-02
9.931611827353593533e-03
1.228309289532793051e-02
-1.825845142366547356e-03
2.877110722634498678e-03
1.698602758699633078e-02
-1.358332674676554150e-02
-1.123187377481330712e-02
5.255373868933616065e-04
-4.177459318657183659e-03
9.931449116897424212e-03
1.933739671999095550e-02
5.254894210271937637e-04
-4.177507284523351502e-03
5.228423460954750336e-03
2.168883197995970583e-02
2.876927490599335505e-03
-4.177555250385578053e-03
1.698581972028625348e-02
5.228376146839279308e-03
-1.123205916470116673e-02
5.253519970104293668e-04
5.228310671616839302e-03
9.931274965428064233e-03
-4.177665881866850922e-03
-4.177690516542748207e-03
5.252625388618036755e-04
5.252435233907213870e-04
9.931179888076594950e-03
5.228194420937649564e-03
7.579669869712099030e-03
2.876681592972717659e-03
2.876665387106013515e-03
2.168855994154829381e-02
2.404005505754156641e-02
2.876664532747813009e-03
-2.534121781358483066e-02
-1.593531235452543687e-02
9.931026258212835578e-03
9.931018481155323707e-03
1.228249954913557436e-02
2.876539201524500218e-03
-4.177943539456470748e-03
9.930964896102080150e-03
9.930957119045553602e-03
7.579460496948311164e-03
-6.529483159944083140e-03
5.249559308968067056e-04
1.933684767573963514e-02
-1.826548468256961304e-03
-2.063848105363647739e-02
-8.881081130331553580e-03
-1.123260022924805687e-02
5.248109324694533347e-04
-4.178185773074194129e-03
-8.881188097822656155e-03
-1.826751816582202186e-03
5.247152033889668351e-04
-1.826792657114948868e-03
-1.593574755241500274e-02
-1.828727508013379757e-02
5.227571877970218529e-03
-6.529885743483866516e-03
-1.123289087783079475e-02
-1.358441278634576165e-02
1.228192863600378708e-02
5.227457133436388265e-03
2.875954892140243201e-03
-6.530016693874546828e-03
7.578888932088493832e-03
5.244118103182502343e-04
-8.881562585298947293e-03
-1.123308168420953691e-02
-8.881625902645040940e-03
2.403918767402851708e-02
1.228175252939861864e-02
1.228174756194942881e-02
2.875787214347224306e-03
-1.827206681590073933e-03
9.930215718541007125e-03
2.403914101172385451e-02
1.698468355717243361e-02
2.875751138696567427e-03
2.875734932838732490e-03
2.168762948729185264e-02
5.242361529045611642e-04
5.242171374453042688e-04
1.698462003725726907e-02
9.930154153897641223e-03
-4.178786693383477677e-03
7.578632897145195883e-03
5.227133465455400911e-03
5.227120069199973039e-03
9.930084363024008903e-03
5.241212058213675501e-04
-1.827386654676635457e-03
7.578546900416684162e-03
-1.827419066390334468e-03
-2.534232934183847444e-02
-1.123344619269173693e-02
-1.123347925616105872e-02
-4.179045784515129230e-03
-1.827581574138483931e-03
-1.123355877935316126e-02
-1.828805837793675074e-02
-2.299107756029177344e-02
-1.123368044657841944e-02
-4.179246974928547791e-03
9.929661460644783819e-03
-4.179279386634362700e-03
5.236736687829992480e-04
-1.827834191709091062e-03
7.578099363389156039e-03
1.463255531186025832e-02
-8.882335296368074062e-03
-1.827899015115794917e-03
9.929523385022183402e-03
5.235602278244701809e-04
-1.358539185786135015e-02
-4.179472350775139886e-03
-1.123396352054756644e-02
5.226425331258274971e-03
5.226411935011715873e-03
2.874909693724440451e-03
-2.063999496251198509e-02
5.233603409636885476e-04
-8.882614054642669343e-03
-8.882644308504657887e-03
1.463221388802180001e-02
7.577745195071589404e-03
1.698368998858242399e-02
7.577735260195873034e-03
-1.828230706603262579e-03
1.698365822865391048e-02
7.577703500266375937e-03
1.698364829377917856e-02
5.232270302754064460e-04
-1.593721390044620587e-02
-4.179808357918727776e-03
2.168654430285326187e-02
5.231509684777965524e-04
-1.828356892009366710e-03
2.874598973016315867e-03
5.226071612207081572e-03
-6.531386009229265925e-03
1.463198615186380933e-02
1.933496168410930166e-02
2.874543230207934116e-03
-4.179939510752342900e-03
5.230135446719173927e-04
-1.123444969597022988e-02
-4.180016224314446298e-03
5.225914521188292083e-03
-1.358600963536429375e-02
-4.180090128270199171e-03
1.463179599738752279e-02
-4.180116920752477080e-03
-1.123460809052096235e-02
5.225780761291778063e-03
-3.004656531053006077e-02
5.227341346968831636e-04
2.874203964290168636e-03
5.226989134073836262e-04
-1.123476432723082181e-02
9.928602214662365921e-03
-1.828849787566210177e-03
-4.180360457651839320e-03
5.225925977773486714e-04
-1.828915262704887326e-03
9.928507137442945524e-03
-1.828944864784644601e-03
9.928477535364174655e-03
-6.531952156939923454e-03
-2.064091267142311240e-02
7.576909167178656063e-03
-1.123501217976856544e-02
-2.534397831345459873e-02
2.168574866625330722e-02
5.223553318847412152e-04
-1.358659675379023969e-02
5.223004433872590474e-04
1.698270334321794889e-02
5.225259769801521466e-03
5.222686834883106480e-04
-6.532216867069447035e-03
-1.358671084643245548e-02
-1.123525787444868730e-02
-4.180824402785019399e-03
2.873617497686856322e-03
-8.883842933342043710e-03
-4.180895497114714421e-03
5.220575583203856170e-04
9.927993923036807986e-03
-4.180946924222631207e-03
5.220061312114836162e-04
5.224964805851398976e-03
2.873462564578904699e-03
-4.181020176371517787e-03
-8.884022501091402846e-03
5.219026252163757196e-04
7.576350144896022189e-03
7.576339558268623681e-03
9.927817816677014448e-03
1.463078772972951566e-02
1.227929672686960821e-02
7.576314069367560966e-03
1.698225886289416245e-02
-1.829651245635547556e-03
-6.532650760751053387e-03
-6.532678204994867531e-03
-8.884194494276442464e-03
5.224708322110798754e-03
2.873206080843232393e-03
9.927656410127256789e-03
2.638807054837250324e-02
1.463063821337260394e-02
2.873191830358697366e-03
9.927642159642721328e-03
1.933358976277468541e-02
1.227912668904407138e-02
2.873166341466503425e-03
2.873952743106148247e-02
1.463060906062327304e-02
-8.884281547583378763e-03
7.576110113843593889e-03
7.576099527216195381e-03
9.927577785629514498e-03
-1.358731844178293763e-02
-1.593884315987074973e-02
9.927495452904970194e-03
5.224509985805442930e-03
-1.123592532569558586e-02
2.872974681093189587e-03
-2.064192997512648634e-02
-1.830063516669846926e-03
2.872892348373573632e-03
9.927342677661540188e-03
2.872868365522281489e-03
-8.884592065499720415e-03
-4.181644629264507675e-03
2.872797271217222143e-03
1.227873644554393524e-02
2.872776097970308144e-03
-6.533195488011961892e-03
2.872732447904135459e-03
5.224205087115595114e-03
-1.830274844226507068e-03
7.575658710896376359e-03
1.698160350443085956e-02
-4.181795449130696479e-03
-1.358777546392018858e-02
5.224099423345641806e-03
9.927063717200226151e-03
7.575567095141415644e-03
5.224067663482169152e-03
9.927031957335767307e-03
2.872557645200451201e-03
1.698147450960958357e-02
1.933296400643745930e-02
-6.533409827598197876e-03
7.575495798398348968e-03
2.872507521699370608e-03
5.223980160912800909e-03
1.933289983492434208e-02
2.403588098639435414e-02
-1.830487228435500767e-03
2.872468636612846623e-03
7.575430120864038580e-03
2.872441844168016189e-03
-4.182040896775507735e-03
5.209121586714174790e-04
5.208931432446802521e-04
2.872362972857674460e-03
-1.830630923044147601e-03
5.208360969664394338e-04
7.575283616654954894e-03
5.223784184998664371e-03
-4.182184591376271118e-03
-1.123667576112307581e-02
7.575201935749104228e-03
1.462965788424779728e-02
7.575189191322223223e-03
5.207120695874552620e-04
-1.830795790876057214e-03
7.575137764252739235e-03
-8.885294737637014148e-03
7.575096923799813468e-03
-1.358831326816447443e-02
-4.182393761048701017e-03
-6.533907240716042841e-03
-2.299435660021826797e-02
-8.885470641433646996e-03
1.462938755512138873e-02
5.223430017159039207e-03
-3.240040489967789539e-02
-1.594004133426317124e-02
-1.123710232682532603e-02
-2.064309077041317012e-02
5.202645330920671173e-04
7.574712052788466245e-03
1.933214569137056693e-02
1.227768261765374742e-02
-4.182744265025278158e-03
-4.182768899649931711e-03
5.223161845880399182e-03
1.227761498478161309e-02
5.201657921820509187e-04
2.871635621798986852e-03
-8.885824809211189876e-03
5.223078007192803567e-03
2.638646421632944924e-02
1.462903188134531858e-02
1.462902972354090947e-02
7.574561030621247346e-03
5.200839088933771875e-04
7.574531428589776315e-03
1.933196506717483124e-02
1.227750199346096943e-02
-8.885902579295546638e-03
5.200225470309538219e-04
5.222981221691563349e-03
5.199901354020031001e-04
-1.358896195025031256e-02
-1.123750897824190784e-02
-6.534564351594321016e-03
2.871363584337543670e-03
1.933176929379527495e-02
5.222839684966161869e-03
-8.886106781479368583e-03
-2.064358126049961259e-02
-8.886181337142459724e-03
-2.064365581616270373e-02
-4.183278202728057775e-03
5.222652542806214410e-03
-4.183316233556896337e-03
-1.123780740329384693e-02
-8.886351621681064933e-03
-6.534893030466859890e-03
-1.831942784609530590e-03
-1.831964609624878951e-03
-6.534964124716734213e-03
9.925430346333339454e-03
2.168286679452474316e-02
-1.123797076500798915e-02
1.462837346699323929e-02
1.227688246415993903e-02
5.194332715643182590e-04
1.697983617142555593e-02
1.227685913315296022e-02
-8.886545439595673265e-03
-4.183598003340751464e-03
-6.535111482995282356e-03
5.222305297980255924e-03
9.925269591852577816e-03
5.222284124772759613e-03
5.192930384891120610e-04
5.222251713156619499e-03
-6.535205908241295200e-03
-4.183744507420741367e-03
7.573675083159175057e-03
2.168259756678790270e-02
5.192042324518560473e-04
2.870674062081603022e-03
9.925124391389279072e-03
-1.358977183599656760e-02
5.191253612124662430e-04
5.191063458034669972e-04
2.870576175432228323e-03
9.925026504742860342e-03
-1.358986972264396992e-02
-8.886927905587951176e-03
-4.183980469329087216e-03
2.870461431175307630e-03
-1.123848784486376068e-02
-1.123852090828381112e-02
-8.887065126663144798e-03
-1.829305076063478600e-02
-1.829309225286107621e-02
-1.123866720996915397e-02
-4.184233738271980751e-03
7.573185852312863155e-03
-4.184268959479688077e-03
5.186840959889174943e-04
-4.184312609492646384e-03
-8.887314934180011450e-03
-4.184367497917206198e-03
-1.832903287485375876e-03
2.873642987301085888e-02
2.403346688276015303e-02
-1.832901332045065767e-03
-4.184412002088320169e-03
1.697896296865052113e-02
2.168194131054177951e-02
-1.832940868826115786e-03
2.870014996245882390e-03
5.185099454084280898e-04
2.869979775043102112e-03
7.572941259320900391e-03
5.221441827686290442e-03
9.924406121567481975e-03
7.572909499536263980e-03
5.221410067903624677e-03
1.462735205186132224e-02
1.697883873911241320e-02
-1.359051559457555118e-02
-1.123906262255236488e-02
1.462728160946068917e-02
9.924301761595540061e-03
1.462727167468154572e-02
5.221314136740875904e-03
-1.594209886480315447e-02
2.869773212887861361e-03
2.869757007091123819e-03
-2.064514764909701483e-02
-1.833281190607858680e-03
-6.536280705687888548e-03
9.924113765377952021e-03
-8.887804771922516375e-03
-1.594230156084851593e-02
2.869570516844471841e-03
5.180654660109593754e-04
-1.833442394425946129e-03
1.462695769584372411e-02
-1.594239944744368920e-02
-1.829392697509646046e-02
-1.833546552042657381e-03
1.697834238326871581e-02
2.869409964855916800e-03
-4.185072776053117352e-03
1.932979103973038459e-02
2.869372585883217617e-03
-4.185110155026801858e-03
7.572309435566910822e-03
5.178323138607211296e-04
-8.888142081689465873e-03
1.462671611489217705e-02
2.168118049222765575e-02
-4.185190532172086871e-03
5.177625233063726891e-04
5.220721197986690626e-03
-1.833758733318950054e-03
5.220685976800663007e-03
5.176948905327827906e-04
2.869164720177311452e-03
2.168105927469448496e-02
2.638404323580040983e-02
-6.536788704508784617e-03
-8.888304993748971650e-03
5.220597822679658336e-03
7.572073271528016562e-03
5.220573839905231356e-03
-1.359135031659512542e-02
-1.829436387968128019e-02
-1.594291652685502630e-02
5.174667058061139212e-04
5.220425380492344988e-03
5.174342942264354176e-04
2.638379257426138116e-02
5.220404859146900861e-03
5.174137728839478013e-04
-1.359153831274176154e-02
-2.064604072086271766e-02
5.173145826710968649e-04
7.571762102397059692e-03
-6.537181554419456073e-03
9.923212916654268814e-03
-8.888705620636346352e-03
-1.829469125459123532e-02
-8.888777366644801808e-03
-1.124029646548345245e-02
-6.537351838807287790e-03
-1.124035697308129259e-02
-2.064634541663760287e-02
1.227445411209388340e-02
-4.185972770551635129e-03
1.697740220020297480e-02
-6.537485598354954124e-03
-3.005240149293794336e-02
-2.534947934307906631e-02
-6.537618503781912269e-03
-1.124062363805296109e-02
-2.064661208160730246e-02
2.868232066972158795e-03
2.868215861191188588e-03
-1.124073341482521513e-02
-4.186299943106362199e-03
1.932856387269192219e-02
5.166565738178339551e-04
-6.537828976681782193e-03
5.219587804321348598e-03
9.922552098218307901e-03
9.922544321244558888e-03
1.697700307938704994e-02
2.167998142129801478e-02
7.571054622105798972e-03
9.922532880570360952e-03
-4.186407966636850053e-03
-6.537921446264773756e-03
5.165176446598790556e-04
1.697692054454969651e-02
7.570965816229170003e-03
2.867977539575522570e-03
2.867961333796523009e-03
-4.186521407100685099e-03
-1.359250142184287649e-02
-6.538070759723475095e-03
-1.835120513834611992e-03
7.570813041337543653e-03
-1.829557484066284684e-02
-1.835194417591305780e-03
5.219250292541117997e-03
-4.186718483788487433e-03
-1.594418734357041026e-02
-6.538270646010728090e-03
5.219146134996344860e-03
7.570621583860469989e-03
5.161444621720176268e-04
5.161254467925817553e-04
5.219084121492609078e-03
-1.835395809798250457e-03
-1.359286185997283895e-02
1.697645725253796659e-02
2.873390212957108170e-02
5.219028379034059903e-03
1.697645920805711250e-02
9.921993324779275134e-03
9.921985547811439793e-03
5.219000080765126039e-03
5.160089945139981552e-04
1.227343420433124957e-02
-1.835503833267640916e-03
-2.299892526359622810e-02
-8.890039304766275338e-03
-1.829602493870736979e-02
-1.124159989578686972e-02
