-1.499383757559878292e-03
1.572576928888930626e-03
3.785676330352793161e-04
1.044673196613035617e-03
8.497275859735112409e-04
1.173817938288035335e-03
-1.117285621312772613e-04
-6.514965977971250589e-04
4.151312630292054110e-04
-1.036817299130361747e-03
-9.474473465758669066e-06
3.314634962915138472e-04
1.044757583037064482e-03
6.085419586664497587e-05
-1.673271091051862060e-03
-3.428546768736124109e-04
1.847551901127594267e-04
1.199951443561425102e-03
1.197642152872632775e-04
-1.138872885835059577e-03
8.441116045303165760e-04
-1.036671810213079647e-03
5.799271930631011429e-04
-1.201772309596377437e-03
1.197109496908312423e-04
8.761621885906726919e-04
5.732805560706550577e-05
1.197427619517882916e-04
1.066334403532760971e-03
1.533779616553970727e-03
-3.428307439496995558e-04
-5.320748361870801914e-04
8.369247702825776975e-04
-1.267922521791827080e-03
-1.646564321723250355e-03
1.536167606702025816e-03
8.136236201783165513e-04
2.845807264480754682e-03
1.255376024783792527e-03
1.738704411249384360e-03
-1.187378340987127424e-03
-6.813607761090425879e-04
-1.036602768361668311e-03
-1.433347335409707783e-03
-1.817522257223242073e-03
-5.740747912120397261e-04
-3.182243982316774328e-04
6.568514312720153498e-04
-2.192976308589003002e-03
2.662964127623916512e-03
1.500151114410192554e-01
2.617549195272237950e-01
1.089808360864120695e-01
8.231327814536436652e-03
5.167991209468691949e-01
5.500067678798694626e-01
2.728032895124418364e-02
7.416771381455330436e-01
8.899492529304569022e-01
1.957977111388654046e-01
2.518320473298071155e-02
1.151944540905230241e+00
1.211268087679482353e+00
4.459117100659493182e-02
1.368287098306765204e+00
1.551639168460131835e+00
2.828275392802241939e-01
5.495799795638800500e-02
1.795252306243671159e+00
1.847422086543468511e+00
1.045575951366786854e-01
1.999514634855933837e+00
2.187023496795881261e+00
3.071123650928118676e-01
1.078198960446446336e-01
2.467977451354788521e+00
2.521506808851619930e+00
1.160608915877148761e-01
2.633850568677840176e+00
2.890304280793579039e+00
3.284082257583104680e-01
2.344071826159261351e-01
3.153071627502456398e+00
3.229517588064480638e+00
1.584203234233091118e-01
3.353992018028607802e+00
3.623007465145092088e+00
3.271448476134289352e-01
4.023602888207999384e-01
3.901578152797871457e+00
3.971484892960380098e+00
2.049333156244110832e-01
4.093429768713567896e+00
4.359151051896185791e+00
3.753017665482974441e-01
1.398711834561684186e-01
-1.484381332255096594e-03
-8.328952921774665855e-03
3.054001540729048541e-03
8.586934001445063963e-04
-8.190785465354523051e-03
-2.085363119834047867e-03
1.730691111413504985e-02
1.394288916062921477e-02
1.390335500718190356e-02
-3.869085957487172420e-03
-1.221431432912801693e-02
2.776706982981518544e-03
-1.093604311602092843e-02
1.434238663978640305e-03
-8.750376284539661612e-03
-1.094830327553702499e-02
-9.819731856632672728e-03
-3.284653083916083943e-03
1.255394579754076645e-02
1.570213681706117068e-02
4.994289842994581105e-03
7.839275641969201472e-03
-3.332159919318326835e-02
-5.662466436191327529e-03
-1.098505800426712205e-02
-1.027910661368815768e-03
7.522391987161311695e-03
7.602022271545743086e-04
1.073069513697867162e-02
1.264834489863027496e-02
1.720803564385365442e-02
-8.909556779467897245e-03
1.923921959804730797e-02
2.424977609007554491e-02
8.360479870199865812e-03
1.097862905859725915e-02
1.012829401411070515e-02
-1.635970868211520518e-02
-9.809599999151996826e-04
-6.344747068515989297e-03
1.247449993963532615e-02
6.084456023600787362e-03
5.400162356961182852e-03
1.204068020863373507e-02
1.603124935091143968e-02
-1.665619537332199045e-03
4.701241359465602350e-03
-6.677753461912838738e-04
1.007944456470527030e-02
1.437330169469302858e-02
-4.957176900695719167e-03
-2.050190836293609015e-02
3.310763822486660624e-02
7.556341079372969408e-03
-1.110855491269829853e-02
2.360700321440985239e-02
2.188143787586509931e-02
7.691695210542984218e-03
-1.628438903329921562e-03
-7.823505144886905988e-03
6.256664467762493341e-04
-1.480793094219998336e-02
1.044594933960269834e-03
2.965609993682767707e-03
-1.313797371794992071e-02
-4.015722838575296223e-03
-1.749514175744547144e-03
-4.485304675963011113e-03
-4.796883027183800399e-03
7.644027889526422426e-03
-3.431734173742677450e-03
-3.206895553625673054e-03
5.778786120329733322e-04
1.874987979904286714e-02
-1.289504601301569211e-03
1.937768526318806375e-02
1.648361002824568974e-02
-4.489880733500247433e-03
-4.148644156101598604e-03
-6.256122412250256747e-03
-8.557202846113378877e-03
5.422099057667539032e-04
5.899294721855772444e-03
-5.373278143564274396e-04
1.699138205052759185e-02
4.267040508246409090e-03
6.154341732819527955e-04
2.638646421632922026e-02
4.105099168509140743e-03
1.568573449301745998e-02
2.860292420023590083e-03
4.558413248113510514e-03
-1.529784914066151247e-02
-6.557117621278783087e-03
-8.425788945719676210e-03
-7.364074246388796485e-03
-6.568855978848312481e-03
1.988937374585928331e-03
-1.113717920529189685e-02
4.745297164444885977e-04
-3.740584442234361900e-03
-6.922737638697482043e-03
4.635838060640826109e-04
1.974958205310106771e-03
1.409467544064809362e-02
-4.250845452344594565e-03
2.025123080928561622e-02
1.097164801474246644e-02
2.792161157155502622e-03
-1.283322593658458265e-02
-5.509424838130770261e-03
1.688923821977534115e-02
1.050495284115340530e-02
8.177727578925585508e-03
7.472474884805249684e-03
-6.290593172051551531e-03
5.615266253315036099e-04
1.451543394414597787e-02
-1.382103707755380842e-02
-2.336010716501059001e-02
3.950243752048748238e-04
-5.351617638378490180e-04
5.055063346469282592e-05
-9.021966325425352651e-03
1.306325417236578294e-02
-1.613399413271012980e-02
5.075560626434594096e-03
-2.145864265977316492e-03
-1.989155353640158653e-03
-1.989839943402284001e-03
3.999339096020479087e-03
7.825400791264019301e-03
1.916273526984855688e-02
1.372851185260577818e-02
-8.553010728029164511e-03
-1.141705069654971351e-02
-1.295470383491424161e-02
2.113019053765744643e-02
9.735566794539881122e-03
-3.119480990348832885e-03
-5.021882141087636881e-04
1.207508794181287939e-02
1.875812969809850100e-02
-1.463060624470021234e-03
7.361850861386892882e-03
2.166745302172451773e-02
7.412513016144521398e-03
-1.146107781374824074e-02
-1.021791194428613332e-02
-3.483423864639282729e-03
-2.322953707516615257e-02
-5.889987633766792692e-03
2.966943512611457806e-02
1.673507861616287812e-02
-1.750762370014644076e-02
-2.354657063073846424e-02
-4.438830163732361382e-03
1.982548057285490190e-02
-5.710573836552336122e-03
-6.800912403359784912e-03
-1.680408728845046371e-02
-1.695176544332811439e-02
9.647980587469920377e-03
1.318492804048955469e-02
5.537702678448094828e-03
1.669191286667798951e-02
9.492122111915350657e-03
-1.948684424405433546e-02
-4.482074311718654315e-03
-4.439471014976859443e-04
7.848627653148674416e-03
1.431912812835833826e-02
8.884743085464575805e-04
6.728576007551792526e-03
2.550531733832006424e-03
-1.968226985052594011e-02
-1.047017469609039936e-02
2.605447037662973059e-02
9.109707519359293293e-03
-1.582654433754935577e-03
-1.628360167640744913e-02
1.368991388226797022e-02
5.829925124127904694e-03
7.219954998843634321e-03
8.353451649471009544e-03
1.699224125954197293e-02
-2.197042695858693329e-03
-5.922419315598529028e-03
2.296262300084759428e-03
-2.208427712916783553e-03
2.142690864076008880e-02
1.109020019322746369e-03
-6.922026137849816158e-03
2.116921919024756810e-03
5.591285304715279576e-03
-2.230157986061815506e-03
-1.749015174031244915e-02
-2.818880394582834892e-03
-2.240615628687613742e-03
-1.418306102768113544e-02
-8.859422337829563412e-03
-6.953550789619081240e-03
1.153287043726853277e-02
4.686331324837687308e-03
-9.315671344652018057e-03
-7.139430648125622177e-03
1.949911697656452406e-02
7.134017781123094468e-03
2.107457557227137429e-02
-1.362102681249969562e-02
7.122894523945507046e-03
-7.913210871330034549e-03
-1.222154925585354837e-02
7.112364161430162132e-03
-2.606631865628620311e-03
-7.275026479733607198e-04
-2.304579477850471608e-03
5.384949112647552730e-03
1.506042383324703894e-02
-2.314977653222582109e-03
-1.822282691734911433e-02
-8.142660096950280618e-03
2.589229089353884197e-02
6.394583627485429626e-03
-3.866122778643746316e-03
-2.336271108284985586e-03
1.389469432519362981e-02
1.545643277336749936e-02
9.410120503979378312e-03
-1.996446673478545139e-02
-1.281817234629841623e-02
-4.709539198620995952e-03
-5.796748092691506385e-03
1.106276301047805916e-02
-1.177475758458034621e-02
-2.134515691904172868e-03
2.334118330921036277e-03
-1.413609071447992707e-02
2.377817914359339063e-03
-1.115643748916269815e-02
-9.443527596759836162e-03
-6.515458437633468540e-03
-9.362982252245613882e-03
1.876382289229525102e-02
3.725034421285887583e-03
-3.085934249408272683e-05
6.995672030311283519e-03
1.651360249368112945e-02
3.872173453744110882e-03
-1.417857743550605086e-02
-9.029161080086707189e-04
2.006093971841364787e-02
1.402929864807651514e-02
-1.372681405448321172e-02
-4.131563556329352800e-03
1.637002205035335833e-02
-1.354586699640355878e-02
9.014907844130365389e-03
-4.803527629242468171e-03
5.795454872795928643e-03
1.790343401236144365e-03
9.294614844255370129e-03
1.078005613468105243e-02
5.091596519007231605e-03
-2.473220948649057244e-03
1.995446837476159627e-02
-2.155375691869822457e-03
-4.835208062236672107e-03
2.792811192974965512e-03
-1.116582054138861441e-04
-1.428465779550418919e-04
3.163477983770325228e-03
3.443891697125756046e-02
6.900939197652035395e-03
-9.392142161388753949e-03
-7.233976569889548564e-04
-1.192117181478809240e-02
-4.319785389464234765e-03
-6.439706432048878347e-03
-1.428379363311241268e-02
1.735829115281893554e-03
-4.260476187131966193e-03
1.627460826316011119e-02
-1.137772613421429713e-02
1.783418880088865482e-02
-9.602154516193809816e-03
4.336952250332488934e-03
-1.870391292982388765e-02
-1.431545581436772033e-02
1.449227664448568195e-02
-8.353398026492025313e-03
-2.169361950471422943e-04
-1.879030299962490460e-03
-1.048450130852509113e-02
-7.281582919206550271e-03
3.716474996429030425e-03
-2.786115170492594034e-03
-9.643802570599609159e-03
6.710887930505509032e-03
-1.037788120670864352e-02
-2.480609644666283402e-04
-7.354317779616995066e-03
-7.321795134907513845e-03
4.443958473741487468e-03
-1.803028510472330995e-02
1.032620180952587355e-02
2.324527629902004358e-02
8.033957729206051002e-03
1.494857003104852443e-02
-2.808568457065284169e-04
3.703309372209209315e-03
-5.598234234742019769e-03
-7.346183091968278532e-03
8.418083290040494909e-03
-7.792564707233670587e-04
-5.005059401537607922e-03
3.615429488853426571e-04
5.883683699727805224e-04
1.849872784543576260e-02
-4.136185940440202831e-03
-4.134245040164411661e-03
-1.443236862128036667e-02
-1.425832249830206837e-02
1.061033712676493802e-02
-1.444311849217428528e-02
1.182662543830492220e-02
1.300515784153215629e-02
-9.750412974353604711e-03
-7.321987632206519193e-03
5.131394538088361254e-03
-5.057861920943800688e-03
-2.397858891809404210e-03
1.103289988857442637e-02
-9.771622999080223707e-03
6.093035026553870982e-04
4.085461037645683746e-03
-2.727959451785357241e-03
1.288517862767878108e-02
-3.503660550496434656e-02
-3.873184823941963053e-04
9.963254831217609880e-03
3.177551210688569702e-03
6.657210553605850609e-03
3.955988770913670266e-03
1.509872618022462323e-02
-7.462101059602840522e-03
-1.141855421418275229e-02
-8.815392882483919293e-03
4.284925355082914653e-03
4.060190627415478926e-03
-8.080444502299012708e-04
1.132905843008964915e-02
-5.430946539936255292e-03
-3.772278006085877031e-03
-1.690048409183134495e-02
1.771374929958110037e-02
-2.079476009425835006e-02
1.900941629435431253e-03
-1.873402007434000691e-02
4.412659180954413111e-03
1.599951615913050573e-02
-7.311872387631266137e-03
2.347270863345075377e-03
1.879884649500238600e-03
1.036972212019333060e-02
4.219596097500262141e-03
-7.536184707649408281e-03
5.855101145987547714e-04
1.333202741211800268e-02
6.561943288430883113e-03
1.068751033769659714e-02
-6.163405555380329671e-03
2.536309399587194022e-02
1.489282305545316064e-02
6.075960720480626590e-03
-3.108376913613043052e-02
3.862379709295914957e-03
6.837759892487945204e-03
1.123233758890116764e-02
8.958566846742288536e-03
1.076807994541618789e-02
-7.590299304767990363e-03
2.443853049215450463e-02
-7.023283057415900983e-03
1.591444466502016375e-02
2.261580713235246051e-03
-4.572579644749592484e-03
-1.231302364159833455e-02
-2.253314645750092039e-03
1.151786509759493210e-03
-9.972089354415765786e-03
1.830171230018018099e-03
9.538615724881644581e-03
1.353281776318114409e-02
3.898221105979949642e-04
-1.538755849115682438e-02
-1.704685283667275314e-02
8.829294694314699168e-03
1.454870555586176492e-02
1.586378220811919884e-02
-1.378204753004235632e-03
5.376267971265609718e-04
-6.070338608688985059e-04
1.367232463589661577e-03
2.394254474876067115e-02
6.438249520499200219e-03
-1.837719967712023172e-02
8.549366861236773821e-03
-5.329279681018558520e-03
-1.369806519706013616e-02
1.418129292802714110e-02
8.769630287210054831e-03
3.218791534402670046e-03
-2.433479283375763937e-03
-2.997404301538531945e-03
-7.810250298145678637e-03
1.493344163309188186e-03
6.398730388874599231e-03
8.366347704477845523e-03
3.268386678200571084e-03
-3.017020333476038915e-03
-1.810698098724617885e-02
6.414005199605572922e-03
1.343294885741665341e-02
3.620915083696539874e-03
-8.475151124827755983e-03
-5.389642140124887432e-03
2.899683860819675732e-02
1.012226769385869696e-02
-1.010235878687620013e-02
-4.998763138543720584e-03
1.403201777658540095e-02
2.986287834262218305e-02
-1.057681884907174519e-02
-4.390273893162187531e-03
1.574360799660952728e-02
9.133779468206561919e-03
-6.075942168968557003e-03
-5.429757954241513397e-03
-8.314524405355988579e-03
5.199894777457497730e-03
6.317719988184416526e-03
2.153980889706547455e-02
2.916513145328353263e-02
8.659399950084087708e-03
-4.680913822704264177e-03
3.302157881002563012e-03
1.805446762391036200e-02
7.790342597876390336e-03
6.724837131418802925e-03
3.935647130950263237e-03
1.588613636918367444e-03
2.520060161779121358e-02
-7.775606905792520427e-04
-1.405086367314921586e-03
2.021950413828197193e-02
1.332112545405626791e-02
-2.167003697805430784e-02
-1.726420001740658350e-02
8.607999239896760302e-03
8.952606326501926295e-03
2.754308570147986912e-02
-5.511267724849716089e-03
9.764961536549732765e-04
-6.316677046034124138e-03
-1.022459048361672521e-02
4.584681318998295833e-03
2.579086273791629091e-03
1.522067630939097837e-03
-3.195789745202141409e-03
-8.739351286911119232e-03
8.566155514158726655e-03
-4.308096279450792342e-03
-1.180228586685512851e-03
3.852740237229544066e-03
-3.903019303267870645e-03
-4.845122856011660310e-03
-8.608014063287800985e-04
2.304321232881918410e-03
-5.160247949711383939e-03
-5.573668682533857062e-03
3.975500911041708954e-03
4.936386869877895482e-03
-3.232853237997410350e-03
-1.392039812230453331e-02
1.234338471758310296e-02
3.673191584466931059e-02
-1.236762179121218917e-03
3.031072063221793358e-03
1.085510690517565296e-02
8.864252056353839546e-03
1.391138466971187856e-02
3.790183505297581041e-03
6.601442520399373017e-04
-8.625427388273303880e-03
-7.977343841953315681e-03
7.950991637648631080e-03
-1.269645625540468357e-02
1.418525669553050280e-03
-4.247753708174190459e-04
-1.488208725511379338e-02
1.316583632414541558e-02
1.917477571577283837e-02
1.157902601768552239e-02
1.398193972223537185e-03
-1.813875462351465309e-02
1.384543978793176255e-02
1.314517322227276921e-02
-5.562955740789799798e-03
5.958383128505556929e-04
3.729002986287492140e-03
1.546462981749839941e-02
-1.369349100504113452e-02
3.719032628608341749e-03
-9.566002579338924589e-03
8.665471576574568582e-03
1.546593059256667901e-02
9.263304082353103486e-03
-2.233633438523323009e-02
1.545517086836800148e-02
2.754955204876762161e-03
-3.480196865312938995e-03
-1.015499358529080342e-03
-1.221046078315198187e-02
1.457980936290493093e-02
-3.377073495110909269e-03
2.374041485254672727e-03
1.220760233282983196e-03
-1.035515350544797923e-03
-2.556223060930904248e-03
-8.979725880897423615e-03
-3.397243890308677787e-03
1.659838520736532739e-03
2.381490630811546397e-02
-1.281372828849585560e-02
-1.692971684422717865e-02
-5.195688668124248157e-03
8.339833525464041691e-03
1.113734072692338511e-02
1.110858447263147683e-02
-8.131103231554135877e-03
1.366482459181412971e-02
-1.397018873728416918e-02
5.967837644716971791e-03
1.530982494003165113e-02
7.401641486543238460e-03
3.606036377015323872e-03
9.294320829150248472e-03
-2.511656853470187883e-02
2.475936805733467208e-02
7.081548276996717239e-03
2.301556234695305899e-03
-3.468405797339927949e-03
5.532631515082452045e-03
-2.371187485502088913e-03
-5.830367022899190718e-03
1.833638708472454595e-02
6.212550034452664523e-04
-1.289605884561312830e-02
8.462921590722707714e-04
-1.593433519482821128e-03
1.531131538217946411e-02
3.626065110829436704e-03
1.916744657430340809e-03
1.191483073679995173e-03
5.085854447307407156e-03
-1.723062948313615816e-03
-1.763096442078334117e-02
-1.710679843292856007e-03
-3.294574698715730440e-03
1.292762632075701752e-02
-4.578668009305501829e-03
-1.295471312888552516e-02
-8.246711656078199032e-03
1.877017534430455714e-02
-6.174399704656819560e-03
1.148296992658053668e-03
-1.295932925361517607e-02
1.809574457209628656e-03
1.138229732710559694e-03
-5.461301855654729365e-03
4.565523541290046790e-03
1.127395515434072813e-03
-3.854165899618484416e-03
-5.278384105401615935e-03
8.171095332413485374e-03
-1.624592965575762452e-02
-5.648264249242281390e-03
1.286291864718076480e-02
-1.293780710628743801e-02
-8.670834724407951903e-04
2.696186620317049185e-02
-2.954425702008931127e-03
-1.390274842126433541e-02
5.787610172957165407e-03
1.846050821631077879e-02
2.818376087344882583e-02
-3.628614360572066187e-03
5.929484787740916391e-03
-4.396076773612369974e-03
3.416223672103875508e-03
-1.722862386790783087e-02
-1.329948236843132500e-02
5.757496869897582754e-03
1.169730604345258981e-02
6.952952878174365782e-03
-3.658617900578391233e-03
3.177412901216311591e-02
1.057636873881128564e-02
1.034352181178994435e-03
-1.126635352960364371e-02
1.154913053203189890e-02
1.513301360300171351e-02
4.002091821613959315e-03
5.009525300293314436e-03
-1.074393028323976720e-02
4.944857915220541265e-03
1.121895799804429814e-02
-1.348237991800689496e-03
-1.994951592597261208e-02
-2.958480560225552783e-04
3.156217704752256603e-02
-7.845921009297788726e-03
-4.663592160384199235e-03
5.685202449774830538e-03
-2.136171886071899090e-02
-1.462975468698104889e-03
-3.731324879764979022e-03
-1.057811020468958424e-03
-1.037190964577523571e-02
-3.741326415161527232e-03
-1.302764927519706357e-02
-1.801510224803412261e-02
1.506013052826155052e-02
-7.883947747320031035e-03
4.178007282087428144e-03
-6.113734067759929620e-03
-2.355361184582469014e-02
1.360094258346666515e-02
-1.552981441219612561e-02
-1.514724250326525759e-02
2.005893415534212420e-03
-1.431722689393717099e-03
-5.131380651268308869e-03
-1.542415244289927975e-02
-1.319959799352848386e-02
2.401476507307797464e-02
3.682349530771414792e-03
-1.452008815436522634e-03
9.246253918874978994e-03
-1.340124998811961093e-02
3.240759880072106511e-03
-4.440842807229107743e-03
1.657215703397067752e-02
1.263671985823353570e-02
8.461899130176369840e-03
9.118610716656139897e-03
-3.834101978173923286e-03
2.409782326323453572e-03
8.186397348215941963e-03
5.561675504702419046e-03
4.213092827243278098e-03
-5.733871834206497910e-03
8.479945867723864567e-04
5.954685542681190032e-05
-1.723234063445927902e-02
-1.797475138497951416e-02
1.378398242331016835e-02
-1.821871186086904864e-03
-1.525133709205652669e-03
-1.369012977137878430e-02
-6.350898412561254910e-03
3.166921806358336932e-03
1.567968469864847170e-02
-1.630996992375698465e-02
1.256228661198326157e-02
-4.456039853536337275e-03
7.537907910040879400e-03
-6.259925267653536005e-03
-8.903409405858202230e-03
1.943320130154305506e-02
3.135068802971482677e-03
1.257635725982705205e-02
2.802837844961108540e-04
-1.803921899471067763e-02
8.370979908649767371e-04
-4.870033629625997347e-03
1.722229860750134137e-02
1.324034992969241355e-02
1.940036067228128030e-03
-1.100604819729762360e-02
-2.942626095250355095e-02
-5.982607346087987941e-04
2.425541896527259531e-02
2.508674733916371052e-02
1.553997767366894350e-02
-1.337917809402369707e-02
-6.413153106670267667e-03
2.763753917191082501e-02
-8.686877541050047613e-03
-6.267379818895501761e-03
1.368347571624105048e-03
7.085243929087534738e-04
-1.248782063981246880e-02
-1.453878390538961354e-02
1.480679731830496573e-02
9.663742419705405318e-03
-1.434517514257164540e-02
-1.107010519407668203e-02
-1.547007592936384263e-02
-1.226922110993440215e-03
1.713689583365936644e-02
1.908774816031820476e-02
3.500843188241292789e-03
1.242375268577042800e-02
-8.603493078045689954e-03
2.817605823995545343e-03
1.946799201607377072e-02
8.276888498991111925e-03
-1.792212446604745865e-02
-4.057699541435858502e-03
-4.521231799210848230e-03
5.335498025306768984e-03
2.986275820066168658e-03
1.245354408298549737e-02
-6.647363253783349253e-03
-8.781173455789501384e-03
1.755946702418173175e-02
-5.346429697381021619e-03
5.316937035748047630e-03
3.152335506009072024e-05
9.198445197183702932e-03
-8.801916666497143840e-03
1.720238190071274667e-02
9.937478696018053545e-03
-4.109716471561818477e-03
3.691191177240475685e-03
1.575004237613388328e-02
-4.119760595238037768e-03
-4.782293228838107278e-03
1.089921377436950389e-02
2.924552305009205794e-03
4.224201560061301500e-03
-1.354852897732076490e-02
2.913968865031577905e-03
-6.497962019508370102e-03
4.401834320322310645e-03
5.255689118773086005e-03
-1.260352062072251679e-02
-4.110238431489590151e-03
5.245324955226880227e-03
2.461550454225211546e-03
7.017696876075765235e-03
2.884014262708801176e-03
2.233641836817304872e-03
-4.785622443228677945e-04
-8.883532709649833228e-03
3.228037310888127315e-03
2.689706584484996901e-03
4.048719205658839193e-02
-6.067911920933282376e-03
-2.748774847693061631e-04
1.931311948635648992e-02
1.306709049468228641e-02
4.370075032515621121e-04
-6.563441838100316297e-03
-1.167327334774768792e-02
7.040783768988103340e-03
-6.573358891157951751e-03
-2.221462937085716318e-03
2.691218777997191405e-03
-8.935219881692310628e-03
1.317262671692469257e-03
-5.210428841760076160e-03
-4.242434457983825132e-03
-4.185641917713187055e-03
4.188465165970827082e-03
4.512163840975039631e-04
-3.335547886731284441e-04
2.080573152111080126e-02
1.455021017409006620e-02
-8.789704498103485504e-04
1.022762677104868158e-02
5.134338053178567028e-03
4.455474416820544292e-03
7.312380469122890109e-03
5.124775382624314861e-03
5.694405240159628335e-04
-3.942660120317712132e-03
5.114971144504190138e-03
-4.625601517353966977e-03
-4.185916085982944318e-03
7.456557478302786209e-03
-7.293538545980307423e-03
3.673815425192503473e-04
-1.136561536002267218e-02
5.416120433108031172e-03
-1.106401030036686418e-02
2.733291702270440691e-03
-3.818936313481970189e-03
-1.234023875867699786e-02
5.075226614634726317e-03
1.257631797079603216e-02
-1.563214044733614652e-02
-1.139466207803067725e-02
4.984161165350249091e-03
-1.838601520460884584e-02
-1.610740149229254042e-02
-1.785801579518728893e-02
8.712328119594594730e-03
2.385828768928429169e-02
-4.756652337125503831e-03
-6.131680594576143124e-03
5.036654659062028694e-03
-3.625769832514277608e-03
1.467273732230005463e-02
-4.378786924658406229e-03
1.875828935758528868e-02
1.910930143637961168e-02
-2.319965843404586323e-02
4.221609473142429181e-03
7.205324679817791400e-03
1.676598041151758714e-02
7.613603518513207234e-03
7.608906879085615416e-03
9.702556053793272989e-03
1.375401722846621676e-02
2.274967629177565911e-02
-4.415449976710404505e-03
1.728834560970458781e-04
6.529160694109450470e-03
1.908959855268509836e-02
4.286948534500960480e-03
-9.741224921443481996e-03
9.673999984141926772e-03
1.425480971939867628e-02
1.268702998944671364e-03
-2.090482112619127322e-02
-1.304190059692173984e-02
-4.284418025900673874e-03
4.952298013325242762e-03
1.814930047909070129e-03
6.906532483051545761e-03
2.591638167708357025e-03
1.709183489655612120e-02
1.469655815712162493e-02
2.374564768039408996e-02
7.821901955050140562e-03
-1.781937858787084562e-03
2.573271051878153921e-03
2.624029322802361175e-03
2.208527433191783719e-03
-1.154492556378781086e-02
2.959848042762997736e-03
4.853676816630329675e-03
-2.331109383392114889e-02
1.479293913521462743e-02
-1.025457750049550004e-02
7.248736427540741940e-03
7.519911652638708484e-03
-1.237276147539851864e-02
-1.862653337465003042e-02
1.252198435691539644e-03
2.595024186136316025e-02
-1.628432470431667722e-02
2.989559069557026511e-03
2.827216579248221888e-03
1.192438213230947487e-02
1.376284887437583850e-02
1.748501556942137075e-02
-9.248238531624881908e-03
-4.572148263455319030e-03
1.310843969458149946e-02
9.554973811391202082e-03
-2.159435885604674144e-02
6.194854235117292895e-04
9.545036418721564164e-03
-1.411591693944157797e-03
-8.680729484508597398e-04
1.894275427201473280e-02
1.092714909398548838e-02
-2.172546782172176446e-03
4.825578107838437471e-03
3.693879156451134339e-03
2.133486751476557086e-02
4.816823719069689667e-03
8.167157599515365712e-04
-7.566708116902523366e-03
-1.635543698427842363e-02
1.185868568163370336e-02
-4.232676826272874226e-03
1.890789135969429824e-02
-7.893606965683631210e-03
1.462704048301378306e-03
8.705780238574610628e-05
1.032353395399112153e-02
4.118695356876156139e-04
1.183546128321383804e-02
-6.525684993259506239e-03
-1.130997038008709279e-02
-1.639138935392241495e-02
1.092052512845473680e-02
2.014110092014050404e-02
2.122363877954032071e-02
-6.617035175807447871e-04
-9.340092929607031469e-03
7.106415293626200218e-03
8.306077805656198257e-03
8.640862995555931986e-03
-2.307305057332932618e-03
1.104295470105699263e-02
1.050653914273199600e-03
3.564622738042447019e-05
-1.528713998325380991e-02
-3.959262678027576643e-03
2.617312633965869021e-05
1.784063682536687206e-02
6.292478296359898214e-03
-4.685594874670457981e-03
-1.059108114584829570e-02
1.431352631395827260e-02
-2.342449559838249463e-03
8.310862766432669524e-03
-3.239929122549600141e-03
9.407030481253506049e-03
1.789570954310726325e-02
4.599008737869286420e-03
1.175043719047754072e-02
1.420443567848404635e-02
7.412808345586295589e-03
-1.535322104013569543e-05
9.269874449450345860e-03
3.912643082218981994e-03
-4.726952385191629004e-03
1.773982527674390977e-02
-9.839530506823769562e-03
7.021906942488522624e-03
-4.423164943621291393e-04
2.551086489150554068e-02
9.365850494011335528e-03
-5.392569616376419357e-03
2.104283540328001287e-02
-4.751425747503847108e-03
9.311687761386992432e-03
1.568422879156491402e-03
-2.122022449635704855e-02
5.729717994657744680e-03
-5.768257878027194079e-03
1.404408821547869016e-02
4.188652240918421671e-03
1.690139687281572503e-02
-7.127629118789592655e-03
3.360667835908528068e-03
-3.404336351908376131e-03
-9.487320448300532588e-03
3.606578103923525642e-03
2.554335664964480640e-03
-9.495042441448478879e-03
-1.288189636538040854e-02
-9.529015517304806684e-03
4.604994274242461480e-03
-4.190878904548897034e-03
-3.129842974694698517e-03
1.400245512737548909e-02
-1.239306143993633771e-02
1.790284358204669718e-02
-1.140452507030085882e-04
-1.189472205096156823e-02
-6.350883467331888341e-03
-2.473781277884207382e-03
-7.019810164154740824e-04
2.395641772755998950e-03
-4.833775737226242951e-03
4.172524209473440701e-03
2.476588031812532696e-03
2.212952256251045358e-03
-7.337083245998922290e-04
1.435853131305200002e-02
1.396237140972881111e-02
-2.697108308086450246e-02
3.791273556991730468e-03
4.548053856826983314e-03
5.942807028418465101e-03
1.695658536880172498e-02
2.189225584381606846e-03
9.648073077174504700e-03
1.684468576619119196e-02
1.393874041393166480e-02
2.263193749002539827e-03
-1.098652427925710974e-02
-7.232136194274072644e-03
1.329344179056976202e-02
1.400750048623916957e-02
4.517342204774462723e-03
2.379173782639481052e-02
2.521764151010463459e-02
1.156392163276646033e-02
-5.745909627825028509e-03
3.718659362821859823e-03
2.150017382751648679e-03
1.639757594028032860e-03
-1.632302923803956264e-03
-3.548176981603443775e-02
1.757647975953798014e-02
2.681800680851204391e-02
1.624278595081954379e-02
-8.814559527187102589e-03
-1.781457563160196086e-02
4.477005282893827334e-03
2.248771316946548970e-02
-2.178618131116248288e-03
-2.333591527770423866e-04
4.329082838665264561e-03
1.391382046890188642e-02
3.268002773680363238e-02
-2.900680561000101940e-03
1.759669228025509055e-02
1.150901951927382066e-02
-3.445941099673518245e-03
-5.431744620873014961e-03
1.385313299529912501e-02
1.023738289725284467e-02
6.965788827886849888e-03
-2.614773817282877149e-03
9.159405106158197488e-03
-1.290007511820869500e-02
2.081008410816416118e-03
-7.328946237483965898e-03
-2.524154783566699700e-02
-1.203549094188668782e-02
-2.454056828697699470e-03
2.709403989206371488e-02
-9.691801528430637677e-03
1.266514106092940690e-03
-1.763677021839058726e-03
-7.347777724513965963e-03
1.197044405205067476e-02
-4.875651642561440631e-03
-2.381611416994530717e-02
1.589681244735125301e-02
-3.061283190865333667e-03
2.320672317977316365e-02
2.962085704772514805e-03
-4.964835064867337104e-03
9.089600332116478179e-03
1.475773666823651867e-02
1.013096517663702924e-03
6.730270150762310624e-03
1.224520213922028131e-02
8.748256531964801463e-03
3.023683125370383792e-02
-1.796337879917959523e-03
-1.617370131433285008e-02
-9.746351253283193350e-03
1.972280676908970583e-03
3.703323706347918381e-02
6.707260596959850954e-03
3.575013693730838115e-03
2.464055677188007124e-02
1.610497306135811116e-02
1.429282523742836895e-02
-1.271959526282611351e-02
-1.682401810711098289e-02
1.058700861323106680e-02
2.684128801810506046e-02
1.608922068728299223e-02
1.594583939617006535e-02
-8.966327220075254525e-03
-3.778902885185714223e-04
1.304609477994998594e-02
-1.957731430403471425e-03
1.372325802200757491e-02
1.382561601831039898e-02
1.234557578542484768e-02
-2.745302614406286510e-03
6.773956258312768992e-03
-7.127475301033871745e-03
2.311265224342912497e-02
-8.095777272171951824e-03
-2.324201829930931315e-02
-9.816080150173243229e-03
2.243348919415024626e-03
5.268965721257921030e-03
6.637102267893172682e-03
2.472125336891512273e-02
8.128713844708781305e-03
1.133250054545769173e-02
-2.250238758688071893e-03
-1.664656779004628634e-02
1.837878927108412344e-02
2.092135857219792200e-02
4.294530246101076545e-03
-3.101040136985911896e-02
-1.897376481022255978e-03
-1.446032989656923125e-02
-4.484514556327999827e-04
9.663925913300503009e-04
-1.598512134857666984e-03
1.130108201897724041e-02
2.605081154241164695e-02
1.052597455971398394e-03
-9.869941709334641503e-03
1.661846946439411027e-02
9.675897339135821132e-03
