start time: Sun Feb 16 11:45:47 EST 2025

RTBT_Diag:WS24

Name	X Fit	X RMS	Y Fit	Y RMS	Z Fit	Z RMS
-------	-----	-----	-----	-----	-----	-----
Area	30.878981949977653	32.22519400442708	42.02030253940461	35.74485677083334	35.04554786515488	32.37709720685221
Ampl	0.44922770858920447	0.471875	0.7870298606373921	0.7681640624999999	0.8153971069149316	0.765625
Mean	87.24055303786871	105.82227230451865	101.67758668491102	100.94850867239424	120.1372923001171	109.79260826053256
Sigma	27.422465800888055	19.211673162417892	21.29992285763057	15.801303081888964	17.14643167687995	11.588825868970547
Offset	-0.006341246997962784	-0.00458984375	-0.025642550636552144	-0.0115234375	0.004048197461171797	-0.007080078125
Slope	0.0	0.0	0.0	0.0	0.0	0.0

Position	X Raw	Y Raw	Z Raw
--------	-----	-----	-----
25.0		-0.00439453125	-0.01142578125	-0.00693359375	17.67775	17.67775	25.0
28.0		-0.00478515625	-0.01162109375	-0.0072265625	19.79908	19.79908	28.0
31.0		-0.00439453125	-0.01162109375	-0.006640625	21.92041	21.92041	31.0
34.0		-0.00546875	-0.01201171875	-0.0078125	24.04174	24.04174	34.0
37.0		-0.0046875	-0.01220703125	-0.00732421875	26.16307	26.16307	37.0
40.0		-0.00576171875	-0.0130859375	-0.0080078125	28.2844	28.2844	40.0
43.0		-0.005078125	-0.0125	-0.0076171875	30.405730000000002	30.405730000000002	43.0
46.0		-0.0048828125	-0.0126953125	-0.00830078125	32.52706	32.52706	46.0
49.0		-0.0052734375	-0.01357421875	-0.00830078125	34.64839	34.64839	49.0
52.0		-0.00576171875	-0.0142578125	-0.0078125	36.76972	36.76972	52.0
55.0		-0.00576171875	-0.01396484375	-0.00849609375	38.89105	38.89105	55.0
58.0		-0.00625	-0.01435546875	-0.0083984375	41.01238	41.01238	58.0
61.0		-0.00595703125	-0.01318359375	-0.00849609375	43.13371	43.13371	61.0
64.0		-0.00625	0.00263671875	-0.008984375	45.25504	45.25504	64.0
67.0		-0.006640625	0.06943359375	-0.00908203125	47.37637	47.37637	67.0
70.0		-0.0064453125	0.16796875	-0.00966796875	49.4977	49.4977	70.0
73.0		-0.00703125	0.27236328125	-0.009375	51.61903	51.61903	73.0
76.0		-0.006640625	0.38193359375	-0.0091796875	53.74036	53.74036	76.0
79.0		-0.00673828125	0.4609375	-0.00986328125	55.86169	55.86169	79.0
82.0		-0.00693359375	0.53662109375	-0.01015625	57.98302	57.98302	82.0
85.0		-0.00615234375	0.5916015625	-0.00966796875	60.104350000000004	60.104350000000004	85.0
88.0		-0.00166015625	0.6298828125	-0.0099609375	62.225680000000004	62.225680000000004	88.0
91.0		0.0095703125	0.67470703125	-0.0103515625	64.34701	64.34701	91.0
94.0		0.03515625	0.72412109375	-0.0107421875	66.46834	66.46834	94.0
97.0		0.0732421875	0.74697265625	-0.01142578125	68.58967	68.58967	97.0
100.0		0.13671875	0.7451171875	-0.01103515625	70.711	70.711	100.0
103.0		0.2212890625	0.755078125	-0.01123046875	72.83233	72.83233	103.0
106.0		0.32255859375	0.74912109375	-0.01142578125	74.95366	74.95366	106.0
109.0		0.39990234375	0.73125	-0.0107421875	77.07499	77.07499	109.0
112.0		0.45126953125	0.69443359375	-0.01142578125	79.19632	79.19632	112.0
115.0		0.486328125	0.63203125	-0.00478515625	81.31765	81.31765	115.0
118.0		0.51083984375	0.5583984375	0.0208984375	83.43898	83.43898	118.0
121.0		0.52060546875	0.5037109375	0.08564453125	85.56031	85.56031	121.0
124.0		0.52451171875	0.4263671875	0.20419921875	87.68164	87.68164	124.0
127.0		0.51591796875	0.33740234375	0.41201171875	89.80297	89.80297	127.0
130.0		0.50986328125	0.23134765625	0.6380859375	91.9243	91.9243	130.0
133.0		0.49951171875	0.1314453125	0.74765625	94.04563	94.04563	133.0
136.0		0.4900390625	0.035546875	0.83046875	96.16696	96.16696	136.0
139.0		0.48115234375	-0.00869140625	0.828125	98.28829	98.28829	139.0
142.0		0.471875	-0.01396484375	0.84130859375	100.40962	100.40962	142.0
145.0		0.4650390625	-0.01357421875	0.8125	102.53095	102.53095	145.0
148.0		0.4640625	-0.01396484375	0.77998046875	104.65228	104.65228	148.0
151.0		0.4626953125	-0.01357421875	0.7564453125	106.77361	106.77361	151.0
154.0		0.46484375	-0.01328125	0.75556640625	108.89494	108.89494	154.0
157.0		0.47109375	-0.01318359375	0.75146484375	111.01627	111.01627	157.0
160.0		0.476953125	-0.0134765625	0.76357421875	113.1376	113.1376	160.0
163.0		0.4875	-0.0125	0.78037109375	115.25893	115.25893	163.0
166.0		0.495703125	-0.01240234375	0.81787109375	117.38026	117.38026	166.0
169.0		0.50625	-0.011328125	0.83427734375	119.50159000000001	119.50159000000001	169.0
172.0		0.5126953125	-0.011328125	0.8388671875	121.62292000000001	121.62292000000001	172.0
175.0		0.5177734375	-0.01123046875	0.81875	123.74425000000001	123.74425000000001	175.0
178.0		0.51640625	-0.011328125	0.74775390625	125.86558000000001	125.86558000000001	178.0
181.0		0.5099609375	-0.010546875	0.62294921875	127.98691000000001	127.98691000000001	181.0
184.0		0.4904296875	-0.01123046875	0.42109375	130.10824	130.10824	184.0
187.0		0.46728515625	-0.0109375	0.1982421875	132.22957	132.22957	187.0
190.0		0.41884765625	-0.009765625	0.06953125	134.3509	134.3509	190.0
193.0		0.341015625	-0.009765625	0.0025390625	136.47223	136.47223	193.0
196.0		0.23115234375	-0.01025390625	-0.012890625	138.59356	138.59356	196.0
199.0		0.13779296875	-0.01044921875	-0.01357421875	140.71489	140.71489	199.0
202.0		0.07958984375	-0.0099609375	-0.0130859375	142.83622	142.83622	202.0
205.0		0.0376953125	-0.010546875	-0.0140625	144.95755	144.95755	205.0
208.0		0.0134765625	-0.00986328125	-0.0126953125	147.07888	147.07888	208.0
211.0		-0.0015625	-0.009765625	-0.01298828125	149.20021	149.20021	211.0
214.0		-0.00634765625	-0.00986328125	-0.01259765625	151.32154	151.32154	214.0
217.0		-0.0072265625	-0.0095703125	-0.012890625	153.44287	153.44287	217.0
220.0		-0.0080078125	-0.01005859375	-0.0125	155.5642	155.5642	220.0
223.0		-0.008203125	-0.01025390625	-0.0126953125	157.68553	157.68553	223.0
226.0		-0.00703125	-0.00966796875	-0.01181640625	159.80686	159.80686	226.0
229.0		-0.00712890625	-0.00986328125	-0.01201171875	161.92819	161.92819	229.0
232.0		-0.00673828125	-0.009765625	-0.01220703125	164.04952	164.04952	232.0
235.0		-0.00693359375	-0.00927734375	-0.01142578125	166.17085	166.17085	235.0
238.0		-0.00595703125	-0.00888671875	-0.0111328125	168.29218	168.29218	238.0
241.0		-0.00634765625	-0.0095703125	-0.01083984375	170.41351	170.41351	241.0
244.0		-0.00615234375	-0.0095703125	-0.01142578125	172.53484	172.53484	244.0
247.0		-0.0056640625	-0.0087890625	-0.01083984375	174.65617	174.65617	247.0
250.0		-0.00595703125	-0.00947265625	-0.011328125	176.7775	176.7775	250.0
253.0		-0.00576171875	-0.009375	-0.010546875	178.89883	178.89883	253.0
256.0		-0.0056640625	-0.0091796875	-0.0109375	181.02016	181.02016	256.0
259.0		-0.00498046875	-0.00888671875	-0.00966796875	183.14149	183.14149	259.0
262.0		-0.0044921875	-0.00810546875	-0.008984375	185.26282	185.26282	262.0
265.0		-0.00458984375	-0.009375	-0.0099609375	187.38415	187.38415	265.0
268.0		-0.00478515625	-0.00908203125	-0.009375	189.50548	189.50548	268.0
271.0		-0.00517578125	-0.00908203125	-0.00986328125	191.62681	191.62681	271.0
274.0		-0.0048828125	-0.00908203125	-0.0095703125	193.74814	193.74814	274.0
277.0		-0.00478515625	-0.00908203125	-0.0091796875	195.86947	195.86947	277.0
280.0		-0.0044921875	-0.00888671875	-0.009375	197.9908	197.9908	280.0
283.0		-0.0044921875	-0.00859375	-0.00869140625	200.11213	200.11213	283.0
286.0		-0.0046875	-0.00927734375	-0.009375	202.23346	202.23346	286.0
289.0		-0.00478515625	-0.0091796875	-0.00947265625	204.35479	204.35479	289.0
292.0		-0.00419921875	-0.00966796875	-0.00849609375	206.47612	206.47612	292.0

Position	X Fit	Y Fit	Z Fit
--------	-----	-----	-----
25.0		0.01156826606537527	-0.024188998311430007	0.0038127245933825345	17.67775	17.67775	25.0
28.0		0.015406241599056491	-0.023410372260211386	0.0038127400024397288	19.79908	19.79908	28.0
31.0		0.019904211369559978	-0.022194656004151696	0.003812771098175056	21.92041	21.92041	31.0
34.0		0.02513888149200931	-0.0203369140579333	0.003812832869611924	24.04174	24.04174	34.0
37.0		0.031187981337846157	-0.01755898065730739	0.0038129536587663063	26.16307	26.16307	37.0
40.0		0.03812843598432065	-0.013494868488223658	0.0038131861530109213	28.2844	28.2844	40.0
43.0		0.04603420919070407	-0.007678793323268488	0.0038136266373944715	30.405730000000002	30.405730000000002	43.0
46.0		0.05497383807282173	4.6102119806896644E-4	0.0038144480704522567	32.52706	32.52706	46.0
49.0		0.06500769859813983	0.011598904354503697	0.0038159558078866116	34.64839	34.64839	49.0
52.0		0.07618506024823157	0.026494504404457192	0.003818679630455468	36.76972	36.76972	52.0
55.0		0.08854100780788088	0.045957932748226384	0.0038235226720465436	38.89105	38.89105	55.0
58.0		0.10209332717295717	0.07079465854912034	0.003831997474135408	41.01238	41.01238	58.0
61.0		0.11683946911779838	0.10172972068918576	0.0038465922508300063	43.13371	43.13371	61.0
64.0		0.13275371884710863	0.13931396771104618	0.003871326864454607	45.25504	45.25504	64.0
67.0		0.14978470859968296	0.18381884980947794	0.00391257785995401	47.37637	47.37637	67.0
70.0		0.16785341438611365	0.23513023677964376	0.003980274266259416	49.4977	49.4977	70.0
73.0		0.18685177513265339	0.29265507642195077	0.004089588608075678	51.61903	51.61903	73.0
76.0		0.20664206235474825	0.35525659258120357	0.004263266881548416	53.74036	53.74036	76.0
79.0		0.22705711065283046	0.42123337619105455	0.00453475127933665	55.86169	55.86169	79.0
82.0		0.2479014939065168	0.48835464829109804	0.004952242120311867	57.98302	57.98302	82.0
85.0		0.2689536996238473	0.5539581365065479	0.0055838106483558	60.104350000000004	60.104350000000004	85.0
88.0		0.28996931556209726	0.6151089489920855	0.006523600832564119	62.225680000000004	62.225680000000004	88.0
91.0		0.31068520003691136	0.6688086657129745	0.007899035198383534	64.34701	64.34701	91.0
94.0		0.3308245622570434	0.7122351287407432	0.009878759205748155	66.46834	66.46834	94.0
97.0		0.3501028338657758	0.7429867723228751	0.012680819275361712	68.58967	68.58967	97.0
100.0		0.3682341701344406	0.7593022442904205	0.016580279946170964	70.711	70.711	100.0
103.0		0.38493838147653603	0.7602274228848258	0.021915168370143092	72.83233	72.83233	103.0
106.0		0.3999480655436081	0.7457078048887957	0.0290893283052069	74.95366	74.95366	106.0
109.0		0.41301568923946647	0.7165938219982585	0.03857052635027558	77.07499	77.07499	109.0
112.0		0.4239203602032947	0.6745583641688552	0.05088204892508017	79.19632	79.19632	112.0
115.0		0.4324740297282465	0.6219376354612954	0.06658613341486004	81.31765	81.31765	115.0
118.0		0.43852688407226337	0.5615163976421031	0.0862579581830566	83.43898	83.43898	118.0
121.0		0.4419717083095938	0.49628502855336126	0.11044961845344135	85.56031	85.56031	121.0
124.0		0.4427470451462893	0.42919772514761306	0.13964454329579098	87.68164	87.68164	124.0
127.0		0.4408390186685192	0.3629585872323535	0.17420411311159453	89.80297	89.80297	127.0
130.0		0.43628174740629305	0.2998560309926176	0.2143097030904051	91.9243	91.9243	130.0
133.0		0.42915632953203947	0.24165740570288505	0.2599048291655972	94.04563	94.04563	133.0
136.0		0.419588442367283	0.18956648757867622	0.31064328348993053	96.16696	96.16696	136.0
139.0		0.4077446554755249	0.14423826730710257	0.36584987045927403	98.28829	98.28829	139.0
142.0		0.39382760845579723	0.10583930634621111	0.42450036550678394	100.40962	100.40962	142.0
145.0		0.3780702484406731	0.07413852553309219	0.4852264565671536	102.53095	102.53095	145.0
148.0		0.3607293560760264	0.048612638070378224	0.546349640907113	104.65228	104.65228	148.0
151.0		0.34207861088865643	0.02855209566482169	0.6059454274636743	106.77361	106.77361	151.0
154.0		0.3224014566255305	0.013156628887723149	0.6619359776063971	108.89494	108.89494	154.0
157.0		0.30198402432026256	0.0016133825835682458	0.7122058800317085	111.01627	111.01627	157.0
160.0		0.28110835618214713	-0.0068454905133346275	0.7547325614207478	113.1376	113.1376	160.0
163.0		0.26004614823883965	-0.012905671835414679	0.7877203662061193	115.25893	115.25893	163.0
166.0		0.23905319586292903	-0.01715153475583259	0.8097260173208011	117.38026	117.38026	166.0
169.0		0.21836468613455792	-0.020061284363127454	0.8197632761304402	119.50159000000001	119.50159000000001	169.0
172.0		0.19819143692253924	-0.022012220126805093	0.8173762352970667	121.62292000000001	121.62292000000001	172.0
175.0		0.17871713714593063	-0.023292205784883006	0.8026736577703459	123.74425000000001	123.74425000000001	175.0
178.0		0.16009659833940568	-0.024114088087332182	0.776320759157623	125.86558000000001	125.86558000000001	178.0
181.0		0.14245498656940322	-0.02463064262089325	0.7394892983265257	127.98691000000001	127.98691000000001	181.0
184.0		0.12588796774648556	-0.024948459976039946	0.6937711922590235	130.10824	130.10824	184.0
187.0		0.1104626698163482	-0.0251399036411161	0.6410645249825819	132.22957	132.22957	187.0
190.0		0.09621934305912104	-0.025252817813621087	0.5834433093137058	134.3509	134.3509	190.0
193.0		0.08317358515748235	-0.025318031355658823	0.5230234026461467	136.47223	136.47223	193.0
196.0		0.0713189907121969	-0.025354915786079766	0.4618365163220174	138.59356	138.59356	196.0
199.0		0.06063008497919953	-0.025375347046473894	0.4017224552637749	140.71489	140.71489	199.0
202.0		0.05106540793034187	-0.025386431696728523	0.3442469235107474	142.83622	142.83622	202.0
205.0		0.042570626211674095	-0.02539232215453465	0.2906488864852119	144.95755	144.95755	205.0
208.0		0.03508156595272054	-0.025395388348066553	0.24181807660859528	147.07888	147.07888	208.0
211.0		0.02852707737860142	-0.025396951836980323	0.1983002016177524	149.20021	149.20021	211.0
214.0		0.022831661537194285	-0.025397732842844963	0.160325091867677	151.32154	151.32154	214.0
217.0		0.017917809022585454	-0.02539811504750716	0.127851587321431	153.44287	153.44287	217.0
220.0		0.013708019358763346	-0.02539829829431133	0.10062244986891665	155.5642	155.5642	220.0
223.0		0.010126486903077709	-0.025398384372053735	0.07822289425673551	157.68553	157.68553	223.0
226.0		0.0071004541488929145	-0.025398423988316793	0.06013726992711824	159.80686	159.80686	226.0
229.0		0.004561245776093946	-0.025398441853087605	0.04579975735898613	161.92819	161.92819	229.0
232.0		0.002445006542375377	-0.025398449746683475	0.034636423785830095	164.04952	164.04952	232.0
235.0		6.931731303208843E-4	-0.025398453164251548	0.02609740490272795	166.17085	166.17085	235.0
238.0		-7.472854860749159E-4	-0.02539845461414099	0.019679187597376226	168.29218	168.29218	238.0
241.0		-0.0019238224567911365	-0.025398455216891942	0.01493787484048573	170.41351	170.41351	241.0
244.0		-0.0028784253980009738	-0.02539845546243942	0.011494890169908265	172.53484	172.53484	244.0
247.0		-0.003647851251780845	-0.025398455560464286	0.00903684781633823	174.65617	174.65617	247.0
250.0		-0.004263950914080418	-0.02539845559881278	0.007311330746449952	176.7775	176.7775	250.0
253.0		-0.004754054382063139	-0.02539845561351488	0.006120154247119694	178.89883	178.89883	253.0
256.0		-0.0051413911708973175	-0.025398455619038664	0.005311420249662427	181.02016	181.02016	256.0
259.0		-0.005445524951731349	-0.025398455621072548	0.004771351571051162	183.14149	183.14149	259.0
262.0		-0.005682785524024612	-0.02539845562180648	0.004416584889328914	185.26282	185.26282	262.0
265.0		-0.005866685169259936	-0.025398455622066034	0.004187329032676799	187.38415	187.38415	265.0
268.0		-0.006008310005943327	-0.025398455622155997	0.004041577907140653	189.50548	189.50548	268.0
271.0		-0.006116680093702394	-0.025398455622186556	0.003950409454476525	191.62681	191.62681	271.0
274.0		-0.006199074675997866	-0.02539845562219673	0.0038942990591527282	193.74814	193.74814	274.0
277.0		-0.006261321100266865	-0.02539845562220005	0.0038603184713839438	195.86947	195.86947	277.0
280.0		-0.006308047631987715	-0.02539845562220111	0.0038400683289773643	197.9908	197.9908	280.0
283.0		-0.00634290162513851	-0.025398455622201443	0.003828192770757701	200.11213	200.11213	283.0
286.0		-0.006368735377894594	-0.025398455622201544	0.003821339051077421	202.23346	202.23346	286.0
289.0		-0.006387762547368443	-0.025398455622201575	0.003817446258831646	204.35479	204.35479	289.0
292.0		-0.006401688280196282	-0.025398455622201586	0.0038152701846156938	206.47612	206.47612	292.0
RTBT_Diag:WS23

Name	X Fit	X RMS	Y Fit	Y RMS	Z Fit	Z RMS
-------	-----	-----	-----	-----	-----	-----
Area	34.606283589200736	32.375765621126305	37.644100465339434	32.414454752604165	32.707449083983256	31.03567823250325
Ampl	0.7421043124419432	0.7138671875000001	0.7225538253111945	0.73310546875	0.5190928054731977	0.5036132812499999
Mean	111.0026981621251	99.11865286271112	97.22044022084268	98.15710397776279	98.4104596694265	112.43187157104903
Sigma	18.603731928015836	12.926026610890448	20.784366170693467	15.665746444979531	25.136900735473127	16.770255319431545
Offset	-0.0015787210416003958	-0.01484375	-0.02135736936864872	-0.008056640625	-0.0267583788584332	-0.006005859375
Slope	0.0	0.0	0.0	0.0	0.0	0.0

Position	X Raw	Y Raw	Z Raw
--------	-----	-----	-----
25.0		-0.01484375	-0.0080078125	-0.00576171875	17.67775	17.67775	25.0
28.0		-0.01484375	-0.00810546875	-0.00625	19.79908	19.79908	28.0
31.0		-0.0150390625	-0.00810546875	-0.0064453125	21.92041	21.92041	31.0
34.0		-0.01552734375	-0.00908203125	-0.00751953125	24.04174	24.04174	34.0
37.0		-0.01494140625	-0.0087890625	-0.0064453125	26.16307	26.16307	37.0
40.0		-0.01591796875	-0.00947265625	-0.0068359375	28.2844	28.2844	40.0
43.0		-0.01591796875	-0.00986328125	-0.0072265625	30.405730000000002	30.405730000000002	43.0
46.0		-0.01494140625	-0.00947265625	-0.0068359375	32.52706	32.52706	46.0
49.0		-0.016015625	-0.0111328125	-0.0072265625	34.64839	34.64839	49.0
52.0		-0.01611328125	-0.0103515625	-0.00693359375	36.76972	36.76972	52.0
55.0		-0.01630859375	-0.0107421875	-0.007421875	38.89105	38.89105	55.0
58.0		-0.01650390625	-0.008984375	-0.0076171875	41.01238	41.01238	58.0
61.0		-0.01640625	0.0044921875	-0.00791015625	43.13371	43.13371	61.0
64.0		-0.0166015625	0.05654296875	-0.00771484375	45.25504	45.25504	64.0
67.0		-0.01728515625	0.13955078125	-0.00810546875	47.37637	47.37637	67.0
70.0		-0.016796875	0.242578125	-0.00849609375	49.4977	49.4977	70.0
73.0		-0.017578125	0.33193359375	-0.0087890625	51.61903	51.61903	73.0
76.0		-0.01708984375	0.4107421875	-0.00830078125	53.74036	53.74036	76.0
79.0		-0.01767578125	0.46708984375	-0.00849609375	55.86169	55.86169	79.0
82.0		-0.0177734375	0.525	-0.00908203125	57.98302	57.98302	82.0
85.0		-0.01826171875	0.580078125	-0.0091796875	60.104350000000004	60.104350000000004	85.0
88.0		-0.018359375	0.61748046875	-0.00947265625	62.225680000000004	62.225680000000004	88.0
91.0		-0.018359375	0.66044921875	-0.0095703125	64.34701	64.34701	91.0
94.0		-0.0173828125	0.69990234375	-0.0099609375	66.46834	66.46834	94.0
97.0		-0.00888671875	0.7169921875	-0.009375	68.58967	68.58967	97.0
100.0		0.02080078125	0.69736328125	-0.0076171875	70.711	70.711	100.0
103.0		0.0888671875	0.69072265625	0.0	72.83233	72.83233	103.0
106.0		0.21474609375	0.6625	0.0212890625	74.95366	74.95366	106.0
109.0		0.3810546875	0.62958984375	0.06123046875	77.07499	77.07499	109.0
112.0		0.52451171875	0.57646484375	0.10244140625	79.19632	79.19632	112.0
115.0		0.6400390625	0.51669921875	0.1783203125	81.31765	81.31765	115.0
118.0		0.69931640625	0.45390625	0.271484375	83.43898	83.43898	118.0
121.0		0.72490234375	0.3923828125	0.362890625	85.56031	85.56031	121.0
124.0		0.743359375	0.31064453125	0.44677734375	87.68164	87.68164	124.0
127.0		0.73046875	0.213671875	0.49208984375	89.80297	89.80297	127.0
130.0		0.7208984375	0.122265625	0.5318359375	91.9243	91.9243	130.0
133.0		0.70498046875	0.02861328125	0.538671875	94.04563	94.04563	133.0
136.0		0.68271484375	-0.00517578125	0.5619140625	96.16696	96.16696	136.0
139.0		0.6841796875	-0.00947265625	0.548046875	98.28829	98.28829	139.0
142.0		0.67841796875	-0.009765625	0.550390625	100.40962	100.40962	142.0
145.0		0.68994140625	-0.009765625	0.53759765625	102.53095	102.53095	145.0
148.0		0.70546875	-0.00947265625	0.52373046875	104.65228	104.65228	148.0
151.0		0.7357421875	-0.00908203125	0.508984375	106.77361	106.77361	151.0
154.0		0.76494140625	-0.00947265625	0.50166015625	108.89494	108.89494	154.0
157.0		0.7810546875	-0.00849609375	0.49228515625	111.01627	111.01627	157.0
160.0		0.7791015625	-0.00869140625	0.4916015625	113.1376	113.1376	160.0
163.0		0.74013671875	-0.008984375	0.48984375	115.25893	115.25893	163.0
166.0		0.664453125	-0.008203125	0.51787109375	117.38026	117.38026	166.0
169.0		0.50390625	-0.00751953125	0.512109375	119.50159000000001	119.50159000000001	169.0
172.0		0.30986328125	-0.00791015625	0.5162109375	121.62292000000001	121.62292000000001	172.0
175.0		0.1443359375	-0.0076171875	0.5251953125	123.74425000000001	123.74425000000001	175.0
178.0		0.04384765625	-0.00703125	0.5322265625	125.86558000000001	125.86558000000001	178.0
181.0		-0.0044921875	-0.00654296875	0.539453125	127.98691000000001	127.98691000000001	181.0
184.0		-0.01748046875	-0.00673828125	0.53251953125	130.10824	130.10824	184.0
187.0		-0.0189453125	-0.00673828125	0.5365234375	132.22957	132.22957	187.0
190.0		-0.019140625	-0.006640625	0.50546875	134.3509	134.3509	190.0
193.0		-0.0181640625	-0.00634765625	0.48779296875	136.47223	136.47223	193.0
196.0		-0.0189453125	-0.00634765625	0.44814453125	138.59356	138.59356	196.0
199.0		-0.01796875	-0.0060546875	0.375	140.71489	140.71489	199.0
202.0		-0.0185546875	-0.00556640625	0.25302734375	142.83622	142.83622	202.0
205.0		-0.01826171875	-0.00595703125	0.1388671875	144.95755	144.95755	205.0
208.0		-0.01767578125	-0.00595703125	0.06923828125	147.07888	147.07888	208.0
211.0		-0.01826171875	-0.0060546875	0.022265625	149.20021	149.20021	211.0
214.0		-0.01796875	-0.0056640625	-9.765625E-4	151.32154	151.32154	214.0
217.0		-0.01728515625	-0.0056640625	-0.01064453125	153.44287	153.44287	217.0
220.0		-0.01669921875	-0.00556640625	-0.01259765625	155.5642	155.5642	220.0
223.0		-0.01708984375	-0.00595703125	-0.0126953125	157.68553	157.68553	223.0
226.0		-0.016796875	-0.00537109375	-0.0125	159.80686	159.80686	226.0
229.0		-0.016796875	-0.00576171875	-0.0126953125	161.92819	161.92819	229.0
232.0		-0.01640625	-0.00546875	-0.01171875	164.04952	164.04952	232.0
235.0		-0.0166015625	-0.00615234375	-0.0119140625	166.17085	166.17085	235.0
238.0		-0.01591796875	-0.00595703125	-0.01083984375	168.29218	168.29218	238.0
241.0		-0.01611328125	-0.00576171875	-0.01123046875	170.41351	170.41351	241.0
244.0		-0.0162109375	-0.0056640625	-0.011328125	172.53484	172.53484	244.0
247.0		-0.01630859375	-0.00556640625	-0.011328125	174.65617	174.65617	247.0
250.0		-0.01650390625	-0.0056640625	-0.0115234375	176.7775	176.7775	250.0
253.0		-0.01591796875	-0.00537109375	-0.01064453125	178.89883	178.89883	253.0
256.0		-0.0158203125	-0.00546875	-0.010546875	181.02016	181.02016	256.0
259.0		-0.015625	-0.0052734375	-0.010546875	183.14149	183.14149	259.0
262.0		-0.0154296875	-0.005078125	-0.009765625	185.26282	185.26282	262.0
265.0		-0.0154296875	-0.00498046875	-0.009765625	187.38415	187.38415	265.0
268.0		-0.01513671875	-0.00517578125	-0.0103515625	189.50548	189.50548	268.0
271.0		-0.0154296875	-0.0052734375	-0.0103515625	191.62681	191.62681	271.0
274.0		-0.01484375	-0.0052734375	-0.009375	193.74814	193.74814	274.0
277.0		-0.0150390625	-0.00556640625	-0.00966796875	195.86947	195.86947	277.0
280.0		-0.01484375	-0.00546875	-0.00966796875	197.9908	197.9908	280.0
283.0		-0.0146484375	-0.00517578125	-0.00908203125	200.11213	200.11213	283.0
286.0		-0.0150390625	-0.00625	-0.0087890625	202.23346	202.23346	286.0
289.0		-0.01474609375	-0.0060546875	-0.0095703125	204.35479	204.35479	289.0
292.0		-0.01533203125	-0.0056640625	-0.00859375	206.47612	206.47612	292.0

Position	X Fit	Y Fit	Z Fit
--------	-----	-----	-----
25.0		-0.0018702567752688366	-0.019446551168399277	-0.023982715936893422	17.67775	17.67775	25.0
28.0		-0.0018683254179350153	-0.018350660701779556	-0.023066161511922277	19.79908	19.79908	28.0
31.0		-0.0018650267360649617	-0.016655121096129034	-0.021904771735843157	21.92041	21.92041	31.0
34.0		-0.0018594685059669484	-0.014090844819871044	-0.02044467579262209	24.04174	24.04174	34.0
37.0		-0.0018502292038377515	-0.010300691511228479	-0.018623508293224674	26.16307	26.16307	37.0
40.0		-0.0018350783967973118	-0.004826869008454707	-0.016369978521791614	28.2844	28.2844	40.0
43.0		-0.001810570122234425	0.002895647348886813	-0.013603676477251076	30.405730000000002	30.405730000000002	43.0
46.0		-0.0017714630388673534	0.013535496433177075	-0.01023519083660316	32.52706	32.52706	46.0
49.0		-0.0017099102128163182	0.027846589454560994	-0.006166617056137844	34.64839	34.64839	49.0
52.0		-0.0016143508409200912	0.046630907192225665	-0.0012925327658642669	36.76972	36.76972	52.0
55.0		-0.0014680278188850722	0.07067968149989409	0.004498488619002029	38.89105	38.89105	55.0
58.0		-0.0012470514429923489	0.1006927267480417	0.01132176742217993	41.01238	41.01238	58.0
61.0		-9.179341377679353E-4	0.13717927485472053	0.01929377065754864	43.13371	43.13371	61.0
64.0		-4.345381063278692E-4	0.1803479686639329	0.02852871454291934	45.25504	45.25504	64.0
67.0		2.6558819674062724E-4	0.22999802644914788	0.039134535220323036	47.37637	47.37637	67.0
70.0		0.0012654534214412768	0.2854271076072095	0.05120828468560909	49.4977	49.4977	70.0
73.0		0.002673334830795312	0.34537309572138747	0.06483105169531109	51.61903	51.61903	73.0
76.0		0.004627739788207524	0.40800600853176683	0.08006255250661413	53.74036	53.74036	76.0
79.0		0.007302268553162931	0.4709820635408507	0.09693558104089993	55.86169	55.86169	79.0
82.0		0.010909882163846417	0.5315646872883377	0.11545054928589875	57.98302	57.98302	82.0
85.0		0.015705927370591347	0.5868077739536719	0.13557038300487542	60.104350000000004	60.104350000000004	85.0
88.0		0.021989133614042866	0.6337862424024199	0.15721606157491907	62.225680000000004	62.225680000000004	88.0
91.0		0.030099699870961567	0.6698497919489227	0.18026310071787027	64.34701	64.34701	91.0
94.0		0.04041356088075541	0.6928696306633927	0.20453927023122104	66.46834	66.46834	94.0
97.0		0.05333199280114343	0.7014463488591507	0.22982381362557194	68.58967	68.58967	97.0
100.0		0.0692659140427826	0.6950507316828173	0.25584839200372367	70.711	70.711	100.0
103.0		0.08861457493246669	0.674077810025736	0.28229991108951685	72.83233	72.83233	103.0
106.0		0.11173881173674008	0.6398064739182521	0.30882531001864705	74.95366	74.95366	106.0
109.0		0.13892964770892471	0.5942703894796381	0.3350382968110339	77.07499	77.07499	109.0
112.0		0.17037371359645762	0.5400583352655219	0.3605279131965107	79.19632	79.19632	112.0
115.0		0.20611766576659601	0.48007120201671927	0.3848687066234485	81.31765	81.31765	115.0
118.0		0.24603441487186073	0.41726728322207035	0.407632186549163	83.43898	83.43898	118.0
121.0		0.2897944430520206	0.3544266270310455	0.4283991524675071	85.56031	85.56031	121.0
124.0		0.3368456850125196	0.29395967770641535	0.4467724092803483	87.68164	87.68164	124.0
127.0		0.3864052959170114	0.23777661373529405	0.46238933744744115	89.80297	89.80297	127.0
130.0		0.4374660769322187	0.18722357222626518	0.4749337653856631	91.9243	91.9243	130.0
133.0		0.48881937353211297	0.1430822484625178	0.48414660257655484	94.04563	94.04563	133.0
136.0		0.5390949533528222	0.10562172245370927	0.4898347344252916	96.16696	96.16696	136.0
139.0		0.5868168169846413	0.07468671205887471	0.4918777524983915	98.28829	98.28829	139.0
142.0		0.6304722529946823	0.04980499874003323	0.49023219255852213	100.40962	100.40962	142.0
145.0		0.6685899064194263	0.03029811138282246	0.48493307205613134	102.53095	102.53095	145.0
148.0		0.6998213850470317	0.015382664322673312	0.47609265111613863	104.65228	104.65228	148.0
151.0		0.7230201574310168	0.004254040999032715	0.4638964782503254	106.77361	106.77361	151.0
154.0		0.7373113306997424	-0.003851528040351517	0.4485969153371391	108.89494	108.89494	154.0
157.0		0.742146394707854	-0.009616722179933236	0.4305044574451298	111.01627	111.01627	157.0
160.0		0.7373381583926538	-0.013622264834573915	0.4099772643835968	113.1376	113.1376	160.0
163.0		0.7230727764138949	-0.01634143232964898	0.3874093964972195	115.25893	115.25893	163.0
166.0		0.6998977889573313	-0.018145416920663387	0.36321829316090676	117.38026	117.38026	166.0
169.0		0.6686872458837468	-0.019315278795074903	0.33783204683792517	119.50159000000001	119.50159000000001	169.0
172.0		0.6305870118863942	-0.020056953586209306	0.3116770088450328	121.62292000000001	121.62292000000001	172.0
175.0		0.586945022799433	-0.02051671569468146	0.28516621765140543	123.74425000000001	123.74425000000001	175.0
178.0		0.539232404191988	-0.020795423904105173	0.25868907098178345	125.86558000000001	125.86558000000001	178.0
181.0		0.48896186372577827	-0.02096066315106695	0.2326025749587429	127.98691000000001	127.98691000000001	181.0
184.0		0.43760960468479493	-0.021056485779141345	0.20722440364926462	130.10824	130.10824	184.0
187.0		0.38654623924165105	-0.021110842632902783	0.18282789765046628	132.22957	132.22957	187.0
190.0		0.33698093619929403	-0.021141007946035136	0.15963902751773162	134.3509	134.3509	190.0
193.0		0.2899214964499689	-0.021157385954785172	0.13783525296675586	136.47223	136.47223	193.0
196.0		0.2461514073070505	-0.02116608644020204	0.11754612684608069	138.59356	138.59356	196.0
199.0		0.20622337297545276	-0.021170608972739452	0.09885542750644714	140.71489	140.71489	199.0
202.0		0.17046750925170048	-0.02117290935543622	0.08180455653621159	142.83622	142.83622	202.0
205.0		0.13901143373169764	-0.021174054396098003	0.0663969115578767	144.95755	144.95755	205.0
208.0		0.11180892955959805	-0.02117461217815532	0.05260293519884392	147.07888	147.07888	208.0
211.0		0.08867370728438546	-0.02117487809736607	0.04036554962111359	149.20021	149.20021	211.0
214.0		0.06931498586059259	-0.02117500217504886	0.029605708410142508	151.32154	151.32154	214.0
217.0		0.053372078290489594	-0.021175058839715263	0.020227830911650726	153.44287	153.44287	217.0
220.0		0.04044580183510205	-0.021175084168853504	0.012124924747250364	155.5642	155.5642	220.0
223.0		0.030125238373337512	-0.021175095251195337	0.005183246754635284	157.68553	157.68553	223.0
226.0		0.022009060410440123	-0.021175099997530186	-7.136022136260342E-4	159.80686	159.80686	226.0
229.0		0.015721245669603433	-0.021175101987345093	-0.005681210071299184	161.92819	161.92819	229.0
232.0		0.010921485469015273	-0.021175102803937657	-0.009831536382840362	164.04952	164.04952	232.0
235.0		0.007310930394209096	-0.021175103131992782	-0.013270734683965092	166.17085	166.17085	235.0
238.0		0.0046341128559247305	-0.021175103261009635	-0.016097576986972034	168.29218	168.29218	238.0
241.0		0.002677956974659077	-0.021175103310681818	-0.01840242353919025	170.41351	170.41351	241.0
244.0		0.0012687581579243952	-0.02117510332940396	-0.020266667931276277	172.53484	172.53484	244.0
247.0		2.6791771571715536E-4	-0.021175103336312423	-0.02176258080663647	174.65617	174.65617	247.0
250.0		-4.329190364096868E-4	-0.021175103338808152	-0.022953473851557098	176.7775	176.7775	250.0
253.0		-9.168245400584032E-4	-0.021175103339690853	-0.023894108438768987	178.89883	178.89883	253.0
256.0		-0.0012463015592680442	-0.021175103339996507	-0.02463127919183855	181.02016	181.02016	256.0
259.0		-0.001467528042109766	-0.02117510334010013	-0.02520451080092241	183.14149	183.14149	259.0
262.0		-0.0016140223411160825	-0.021175103340134525	-0.025646815713379244	185.26282	185.26282	262.0
265.0		-0.001709697255659777	-0.021175103340145704	-0.025985470044068024	187.38415	187.38415	265.0
268.0		-0.0017713268734310316	-0.02117510334014926	-0.02624277455861154	189.50548	189.50548	268.0
271.0		-0.0018104842452224333	-0.02117510334015037	-0.02643677640312226	191.62681	191.62681	271.0
274.0		-0.001835024972495231	-0.021175103340150707	-0.02658193506859335	193.74814	193.74814	274.0
277.0		-0.0018501964193868106	-0.021175103340150808	-0.026689722710577138	195.86947	195.86947	277.0
280.0		-0.0018594486597285314	-0.02117510334015084	-0.02676915433516058	197.9908	197.9908	280.0
283.0		-0.0018650148843059146	-0.021175103340150846	-0.026827247541824393	200.11213	200.11213	283.0
286.0		-0.0018683184357089608	-0.02117510334015085	-0.026869414578812745	202.23346	202.23346	286.0
289.0		-0.0018702527171682822	-0.02117510334015085	-0.026899791554687125	204.35479	204.35479	289.0
292.0		-0.0018713700625942226	-0.02117510334015085	-0.026921510919257634	206.47612	206.47612	292.0
RTBT_Diag:WS21

Name	X Fit	X RMS	Y Fit	Y RMS	Z Fit	Z RMS
-------	-----	-----	-----	-----	-----	-----
Area	31.753976216210354	30.708825151627604	35.39038313669718	30.219584960937503	30.85777322759853	29.9699999330892
Ampl	0.6619621489988907	0.63720703125	0.6529462683228974	0.64140625	0.44886045318410633	0.45712890625
Mean	85.02338049718888	96.95997870915666	99.02314216784602	99.28307856023238	99.42878489375838	116.07801622189335
Sigma	19.137051420033753	13.174488766807773	21.623096474842463	16.079558971586142	27.42605264554043	18.319725822260498
Offset	-0.008167888601191269	0.001806640625	-0.02188154250262325	-0.008837890625	-0.00960021514013739	0.002880859375
Slope	0.0	0.0	0.0	0.0	0.0	0.0

Position	X Raw	Y Raw	Z Raw
--------	-----	-----	-----
25.0		0.0021484375	-0.00888671875	0.00263671875	17.67775	17.67775	25.0
28.0		0.00146484375	-0.0087890625	0.003125	19.79908	19.79908	28.0
31.0		0.0029296875	-0.0091796875	0.00224609375	21.92041	21.92041	31.0
34.0		0.001171875	-0.00986328125	0.0017578125	24.04174	24.04174	34.0
37.0		0.00146484375	-0.00947265625	0.00185546875	26.16307	26.16307	37.0
40.0		0.001171875	-0.01025390625	0.00185546875	28.2844	28.2844	40.0
43.0		9.765625E-4	-0.01015625	0.00185546875	30.405730000000002	30.405730000000002	43.0
46.0		2.9296875E-4	-0.01064453125	0.0013671875	32.52706	32.52706	46.0
49.0		4.8828125E-4	-0.01123046875	0.0013671875	34.64839	34.64839	49.0
52.0		-9.765625E-5	-0.01162109375	7.8125E-4	36.76972	36.76972	52.0
55.0		5.859375E-4	-0.0119140625	0.00146484375	38.89105	38.89105	55.0
58.0		-3.90625E-4	-0.011328125	0.0015625	41.01238	41.01238	58.0
61.0		-4.8828125E-4	-0.0044921875	2.9296875E-4	43.13371	43.13371	61.0
64.0		-6.8359375E-4	0.0498046875	8.7890625E-4	45.25504	45.25504	64.0
67.0		-6.8359375E-4	0.1109375	5.859375E-4	47.37637	47.37637	67.0
70.0		-0.001171875	0.20126953125	-3.90625E-4	49.4977	49.4977	70.0
73.0		-0.0013671875	0.2896484375	-9.765625E-5	51.61903	51.61903	73.0
76.0		-0.00126953125	0.36142578125	1.953125E-4	53.74036	53.74036	76.0
79.0		-0.00224609375	0.41826171875	-4.8828125E-4	55.86169	55.86169	79.0
82.0		-0.00224609375	0.479296875	-4.8828125E-4	57.98302	57.98302	82.0
85.0		-0.00244140625	0.52734375	-2.9296875E-4	60.104350000000004	60.104350000000004	85.0
88.0		-0.0017578125	0.56005859375	-7.8125E-4	62.225680000000004	62.225680000000004	88.0
91.0		-0.00205078125	0.59326171875	-0.001953125	64.34701	64.34701	91.0
94.0		0.005859375	0.62294921875	-0.00166015625	66.46834	66.46834	94.0
97.0		0.03408203125	0.63720703125	-0.0017578125	68.58967	68.58967	97.0
100.0		0.09658203125	0.62373046875	-0.00107421875	70.711	70.711	100.0
103.0		0.21884765625	0.6228515625	0.00498046875	72.83233	72.83233	103.0
106.0		0.4103515625	0.60595703125	0.02060546875	74.95366	74.95366	106.0
109.0		0.576171875	0.5787109375	0.05048828125	77.07499	77.07499	109.0
112.0		0.6607421875	0.53623046875	0.0822265625	79.19632	79.19632	112.0
115.0		0.69951171875	0.49296875	0.13837890625	81.31765	81.31765	115.0
118.0		0.71484375	0.44228515625	0.21474609375	83.43898	83.43898	118.0
121.0		0.71416015625	0.3931640625	0.3005859375	85.56031	85.56031	121.0
124.0		0.705078125	0.33154296875	0.38125	87.68164	87.68164	124.0
127.0		0.682421875	0.25009765625	0.426953125	89.80297	89.80297	127.0
130.0		0.67060546875	0.166015625	0.4646484375	91.9243	91.9243	130.0
133.0		0.6564453125	0.07958984375	0.47685546875	94.04563	94.04563	133.0
136.0		0.6408203125	0.01845703125	0.50244140625	96.16696	96.16696	136.0
139.0		0.65048828125	-0.007421875	0.49501953125	98.28829	98.28829	139.0
142.0		0.64931640625	-0.0119140625	0.5033203125	100.40962	100.40962	142.0
145.0		0.66767578125	-0.01162109375	0.49423828125	102.53095	102.53095	145.0
148.0		0.6845703125	-0.01181640625	0.4814453125	104.65228	104.65228	148.0
151.0		0.70009765625	-0.01103515625	0.4673828125	106.77361	106.77361	151.0
154.0		0.71552734375	-0.010546875	0.45693359375	108.89494	108.89494	154.0
157.0		0.7138671875	-0.0099609375	0.44833984375	111.01627	111.01627	157.0
160.0		0.68662109375	-0.01005859375	0.443359375	113.1376	113.1376	160.0
163.0		0.6171875	-0.00986328125	0.43955078125	115.25893	115.25893	163.0
166.0		0.51083984375	-0.008984375	0.462890625	117.38026	117.38026	166.0
169.0		0.3505859375	-0.0091796875	0.45380859375	119.50159000000001	119.50159000000001	169.0
172.0		0.21455078125	-0.008984375	0.452734375	121.62292000000001	121.62292000000001	172.0
175.0		0.10048828125	-0.008203125	0.460546875	123.74425000000001	123.74425000000001	175.0
178.0		0.034375	-0.00830078125	0.46728515625	125.86558000000001	125.86558000000001	178.0
181.0		0.0048828125	-0.008203125	0.4732421875	127.98691000000001	127.98691000000001	181.0
184.0		-0.0025390625	-0.0078125	0.47646484375	130.10824	130.10824	184.0
187.0		-0.00244140625	-0.00771484375	0.4822265625	132.22957	132.22957	187.0
190.0		-0.0025390625	-0.00732421875	0.4765625	134.3509	134.3509	190.0
193.0		-0.0025390625	-0.0072265625	0.47744140625	136.47223	136.47223	193.0
196.0		-0.00234375	-0.0076171875	0.4734375	138.59356	138.59356	196.0
199.0		-0.0015625	-0.00712890625	0.466015625	140.71489	140.71489	199.0
202.0		-6.8359375E-4	-0.006640625	0.44189453125	142.83622	142.83622	202.0
205.0		-0.00146484375	-0.00673828125	0.38671875	144.95755	144.95755	205.0
208.0		-8.7890625E-4	-0.00673828125	0.32060546875	147.07888	147.07888	208.0
211.0		-9.765625E-4	-0.00673828125	0.23369140625	149.20021	149.20021	211.0
214.0		-0.00107421875	-0.00654296875	0.13623046875	151.32154	151.32154	214.0
217.0		-1.953125E-4	-0.00654296875	0.078515625	153.44287	153.44287	217.0
220.0		0.0	-0.00634765625	0.03837890625	155.5642	155.5642	220.0
223.0		2.9296875E-4	-0.0060546875	0.01298828125	157.68553	157.68553	223.0
226.0		9.765625E-5	-0.00595703125	0.001171875	159.80686	159.80686	226.0
229.0		-9.765625E-5	-0.00595703125	-0.00361328125	161.92819	161.92819	229.0
232.0		3.90625E-4	-0.0060546875	-0.0037109375	164.04952	164.04952	232.0
235.0		-0.0046875	-0.0060546875	-0.00302734375	166.17085	166.17085	235.0
238.0		0.00205078125	-0.00556640625	-0.0029296875	168.29218	168.29218	238.0
241.0		5.859375E-4	-0.005859375	-0.0033203125	170.41351	170.41351	241.0
244.0		8.7890625E-4	-0.00595703125	-0.0029296875	172.53484	172.53484	244.0
247.0		0.0015625	-0.005859375	-0.001953125	174.65617	174.65617	247.0
250.0		0.0015625	-0.00576171875	-0.00244140625	176.7775	176.7775	250.0
253.0		0.00224609375	-0.00625	-0.00185546875	178.89883	178.89883	253.0
256.0		0.00234375	-0.00595703125	-0.00234375	181.02016	181.02016	256.0
259.0		0.00302734375	-0.00546875	-0.00126953125	183.14149	183.14149	259.0
262.0		0.0029296875	-0.00556640625	-8.7890625E-4	185.26282	185.26282	262.0
265.0		0.00234375	-0.0056640625	-0.0015625	187.38415	187.38415	265.0
268.0		0.001953125	-0.00537109375	-7.8125E-4	189.50548	189.50548	268.0
271.0		0.00302734375	-0.00556640625	-6.8359375E-4	191.62681	191.62681	271.0
274.0		0.00302734375	-0.00595703125	-4.8828125E-4	193.74814	193.74814	274.0
277.0		0.0033203125	-0.0056640625	-3.90625E-4	195.86947	195.86947	277.0
280.0		0.00400390625	-0.00576171875	-1.953125E-4	197.9908	197.9908	280.0
283.0		0.00380859375	-0.0052734375	-3.90625E-4	200.11213	200.11213	283.0
286.0		0.003125	-0.005859375	-6.8359375E-4	202.23346	202.23346	286.0
289.0		0.0033203125	-0.00595703125	-3.90625E-4	204.35479	204.35479	289.0
292.0		0.00361328125	-0.005859375	9.765625E-5	206.47612	206.47612	292.0

Position	X Fit	Y Fit	Z Fit
--------	-----	-----	-----
25.0		-0.006346357127449912	-0.019866177409234905	-0.00438347094815267	17.67775	17.67775	25.0
28.0		-0.005709528589396353	-0.018761684000257357	-0.0030332430517464835	19.79908	19.79908	28.0
31.0		-0.004810484666225077	-0.01709298160298878	-0.0013876881186812868	21.92041	21.92041	31.0
34.0		-0.0035581142593533533	-0.01462444191146102	6.04378981065171E-4	24.04174	24.04174	34.0
37.0		-0.0018368596953489413	-0.011049474505790483	0.00299970140106502	26.16307	26.16307	37.0
40.0		4.970345991744266E-4	-0.0059820272460442865	0.00586040626124891	28.2844	28.2844	40.0
43.0		0.0036188000053284887	0.0010469629692796446	0.009253611047539339	30.405730000000002	30.405730000000002	43.0
46.0		0.007737468422160584	0.010585212974583848	0.013250775055063273	32.52706	32.52706	46.0
49.0		0.013096666851032779	0.023243722767495582	0.01792676413342344	34.64839	34.64839	49.0
52.0		0.019973235636092174	0.03966763097211112	0.02335860315983976	36.76972	36.76972	52.0
55.0		0.02867300231676104	0.06049153328467217	0.02962389951651474	38.89105	38.89105	55.0
58.0		0.039523088937368264	0.08627922545987374	0.0367989324351474	41.01238	41.01238	58.0
61.0		0.05286026225808022	0.11745022929148544	0.04495641727956724	43.13371	43.13371	61.0
64.0		0.06901506579465361	0.1541983055287846	0.05416297035871445	45.25504	45.25504	64.0
67.0		0.08829180252685984	0.19641005016230084	0.06447631817806813	47.37637	47.37637	67.0
70.0		0.1109448569195943	0.24359406456961685	0.07594231441571143	49.4977	49.4977	70.0
73.0		0.137152328615123	0.29483247865796486	0.08859184741562488	51.61903	51.61903	73.0
76.0		0.16698845582887453	0.3487662440932771	0.10243773952033496	53.74036	53.74036	76.0
79.0		0.20039677812622445	0.40362326086122563	0.11747175588979598	55.86169	55.86169	79.0
82.0		0.23716636056057966	0.45729404618469355	0.1336618532888778	57.98302	57.98302	82.0
85.0		0.27691360685713834	0.5074537004818652	0.15094980741210348	60.104350000000004	60.104350000000004	85.0
88.0		0.31907216864243254	0.5517221721046888	0.16924935950756467	62.225680000000004	62.225680000000004	88.0
91.0		0.36289316859922344	0.5878483675579996	0.18844501843098044	64.34701	64.34701	91.0
94.0		0.4074573831237937	0.6138986934681158	0.2083916421805769	66.46834	66.46834	94.0
97.0		0.45170019421476637	0.6284282007703607	0.22891490319805197	68.58967	68.58967	97.0
100.0		0.49444907790049014	0.6306132909012909	0.24981271448800435	70.711	70.711	100.0
103.0		0.5344722394602894	0.6203290322050369	0.27085765961693137	72.83233	72.83233	103.0
106.0		0.5705358528379848	0.5981609891672883	0.29180043010910683	74.95366	74.95366	106.0
109.0		0.6014663454091087	0.5653500063183721	0.3123742303319341	77.07499	77.07499	109.0
112.0		0.6262134187472179	0.5236771900940373	0.3323000647262136	79.19632	79.19632	112.0
115.0		0.6439091188140644	0.4753039194085515	0.35129277754779903	81.31765	81.31765	115.0
118.0		0.6539183344809915	0.4225868601004922	0.36906767366370613	83.43898	83.43898	118.0
121.0		0.6558766304665556	0.3678899194367103	0.3853475129040363	85.56031	85.56031	121.0
124.0		0.6497122726531106	0.31341372974994186	0.39986964235652794	87.68164	87.68164	124.0
127.0		0.6356505897356697	0.2610590730134967	0.41239301280931323	89.80297	89.80297	127.0
130.0		0.6142003014286997	0.2123345904063665	0.4227048188123502	91.9243	91.9243	130.0
133.0		0.5861229698713576	0.16831233739383747	0.4306265074318007	94.04563	94.04563	133.0
136.0		0.5523881319851228	0.12962840277254245	0.4360189188992394	96.16696	96.16696	136.0
139.0		0.5141177974295658	0.09652083094545533	0.4387863524457214	98.28829	98.28829	139.0
142.0		0.4725247363393014	0.06889401637509646	0.4388793913601211	100.40962	100.40962	142.0
145.0		0.42884926962892456	0.04639770675064415	0.43629637075206695	102.53095	102.53095	145.0
148.0		0.3842991046046294	0.028509519026573435	0.43108342710734776	104.65228	104.65228	148.0
151.0		0.33999617623945627	0.014611949809482314	0.4233331275748691	106.77361	106.77361	151.0
154.0		0.2969335508382503	0.004057647550720082	0.41318173588542645	108.89494	108.89494	154.0
157.0		0.2559443449295051	-0.0037803699824501685	0.4008052277328898	111.01627	111.01627	157.0
160.0		0.21768344115472665	-0.0094742815073715	0.3864142184039613	113.1376	113.1376	160.0
163.0		0.18262167197751294	-0.013521566582644778	0.37024800686548603	115.25893	115.25893	163.0
166.0		0.15105119743284248	-0.016337155703878253	0.3525679713958933	117.38026	117.38026	166.0
169.0		0.12310009932482542	-0.018254574622165884	0.33365057083123	119.50159000000001	119.50159000000001	169.0
172.0		0.09875378879232156	-0.019533029085950778	0.3137802119710804	121.62292000000001	121.62292000000001	172.0
175.0		0.0778806781249093	-0.020367752631692434	0.2932422377891787	123.74425000000001	123.74425000000001	175.0
178.0		0.06025967112945868	-0.02090151713971589	0.27231627366374067	125.86558000000001	125.86558000000001	178.0
181.0		0.045607326685571506	-0.021235835274157545	0.2512701413569698	127.98691000000001	127.98691000000001	181.0
184.0		0.03360298246082166	-0.02144096145239631	0.23035451490852596	130.10824	130.10824	184.0
187.0		0.023910622768312673	-0.021564265063791086	0.20979845129122518	132.22957	132.22957	187.0
190.0		0.016196775004524946	-0.021636886082230387	0.18980588411873023	134.3509	134.3509	190.0
193.0		0.01014417389229249	-0.021678795843863063	0.1705531234170536	136.47223	136.47223	193.0
196.0		0.005461308135024359	-0.021702496782409195	0.15218736085052673	138.59356	138.59356	196.0
199.0		0.0018882422962508217	-0.021715632133334575	0.13482613992098533	140.71489	140.71489	199.0
202.0		-8.007156129627201E-4	-0.021722766728470927	0.1185577162380612	142.83622	142.83622	202.0
205.0		-0.002796845215352022	-0.021726564877388638	0.10344220522826544	144.95755	144.95755	205.0
208.0		-0.004258679613842	-0.021728546728991955	0.08951339435474041	147.07888	147.07888	208.0
211.0		-0.005314891103358039	-0.021729560375375302	0.07678108430902764	149.20021	149.20021	211.0
214.0		-0.006067867910849557	-0.021730068577107384	0.06523381850475965	151.32154	151.32154	214.0
217.0		-0.00659755783536251	-0.021730318345128306	0.05484186195025571	153.44287	153.44287	217.0
220.0		-0.006965262976360012	-0.021730438683457465	0.04556029828961003	155.5642	155.5642	220.0
223.0		-0.007217170696014844	-0.021730495523167238	0.037332126347855224	157.68553	157.68553	223.0
226.0		-0.007387492666865426	-0.021730521843640552	0.030091253640211053	159.80686	159.80686	226.0
229.0		-0.007501152998648028	-0.021730533792922398	0.023765302722746493	161.92819	161.92819	229.0
232.0		-0.007576017519463385	-0.02173053911164851	0.01827816573783024	164.04952	164.04952	232.0
235.0		-0.0076246907644186524	-0.021730541432791142	0.013552261927044684	166.17085	166.17085	235.0
238.0		-0.007655927704293207	-0.021730542425985794	0.00951047129983806	168.29218	168.29218	238.0
241.0		-0.007675716807518493	-0.021730542842677225	0.006077734311103231	170.41351	170.41351	241.0
244.0		-0.007688092729492982	-0.021730543014093138	0.0031823217816366236	172.53484	172.53484	244.0
247.0		-0.007695733482268747	-0.021730543083236784	7.567910695909022E-4	174.65617	174.65617	247.0
250.0		-0.007700390568115166	-0.021730543110584786	-0.0012613464586337924	176.7775	176.7775	250.0
253.0		-0.00770319292449994	-0.02173054312119144	-0.002929215260906718	178.89883	178.89883	253.0
256.0		-0.007704857771189332	-0.02173054312522527	-0.004298387521664859	181.02016	181.02016	256.0
259.0		-0.007705834281675371	-0.02173054312672962	-0.0054148802849112625	183.14149	183.14149	259.0
262.0		-0.007706399792249968	-0.021730543127279768	-0.0063193012567778276	185.26282	185.26282	262.0
265.0		-0.007706723143452778	-0.02173054312747706	-0.0070471084968586	187.38415	187.38415	265.0
268.0		-0.0077069056953679	-0.021730543127546447	-0.0076289521146683924	189.50548	189.50548	268.0
271.0		-0.007707007457031285	-0.021730543127570376	-0.008091069734765168	191.62681	191.62681	271.0
274.0		-0.007707063468267726	-0.021730543127578467	-0.008455711560817546	193.74814	193.74814	274.0
277.0		-0.007707093909772921	-0.021730543127581152	-0.00874157507259162	195.86947	195.86947	277.0
280.0		-0.007707110246442835	-0.021730543127582026	-0.008964233501826652	197.9908	197.9908	280.0
283.0		-0.007707118903563675	-0.021730543127582304	-0.009136546079969348	200.11213	200.11213	283.0
286.0		-0.007707123433600235	-0.02173054312758239	-0.009269041512397127	202.23346	202.23346	286.0
289.0		-0.0077071257743427995	-0.02173054312758242	-0.009370269137523651	204.35479	204.35479	289.0
292.0		-0.00770712696870063	-0.021730543127582425	-0.009447114743312406	206.47612	206.47612	292.0
RTBT_Diag:WS20

Name	X Fit	X RMS	Y Fit	Y RMS	Z Fit	Z RMS
-------	-----	-----	-----	-----	-----	-----
Area	28.822475146139947	30.987638716699216	35.25669758987075	30.508574218750002	30.59923509265008	28.573166506608075
Ampl	0.4049769523811528	0.43525390624999993	0.6480238554340599	0.6212890624999999	0.6921895450937136	0.6763671875
Mean	70.03643843887934	89.78772578489125	101.65885457777512	104.4935901088257	141.72685787966012	130.01253627089054
Sigma	28.392983585872372	20.160365558146164	21.705045605929804	15.927573506164368	17.63581769318497	11.292564464249955
Offset	0.0033540622038829245	-0.00576171875	-0.01941279483749007	6.8359375E-4	0.01060835865712459	-7.32421875E-4
Slope	0.0	0.0	0.0	0.0	0.0	0.0

Position	X Raw	Y Raw	Z Raw
--------	-----	-----	-----
25.0		-0.00537109375	8.7890625E-4	-7.8125E-4	17.67775	17.67775	25.0
28.0		-0.00615234375	4.8828125E-4	-6.8359375E-4	19.79908	19.79908	28.0
31.0		-0.00634765625	2.9296875E-4	-9.765625E-4	21.92041	21.92041	31.0
34.0		-0.00712890625	-4.8828125E-4	-0.00166015625	24.04174	24.04174	34.0
37.0		-0.0068359375	-3.90625E-4	-0.00146484375	26.16307	26.16307	37.0
40.0		-0.0072265625	-0.00107421875	-0.00146484375	28.2844	28.2844	40.0
43.0		-0.0072265625	-7.8125E-4	-0.001171875	30.405730000000002	30.405730000000002	43.0
46.0		-0.00751953125	-9.765625E-4	-0.0017578125	32.52706	32.52706	46.0
49.0		-0.0078125	-0.00166015625	-0.001171875	34.64839	34.64839	49.0
52.0		-0.0083984375	-0.0021484375	-0.0021484375	36.76972	36.76972	52.0
55.0		-0.0080078125	-0.00234375	-0.001953125	38.89105	38.89105	55.0
58.0		-0.00849609375	-0.0025390625	-0.00234375	41.01238	41.01238	58.0
61.0		-0.00732421875	-0.00302734375	-0.00205078125	43.13371	43.13371	61.0
64.0		-0.0017578125	-0.00263671875	-0.00205078125	45.25504	45.25504	64.0
67.0		0.00966796875	0.010546875	-0.00283203125	47.37637	47.37637	67.0
70.0		0.037109375	0.07548828125	-0.00302734375	49.4977	49.4977	70.0
73.0		0.07158203125	0.1556640625	-0.0037109375	51.61903	51.61903	73.0
76.0		0.1314453125	0.24013671875	-0.0037109375	53.74036	53.74036	76.0
79.0		0.20615234375	0.32412109375	-0.0037109375	55.86169	55.86169	79.0
82.0		0.31015625	0.3966796875	-0.0033203125	57.98302	57.98302	82.0
85.0		0.3775390625	0.45751953125	-0.00419921875	60.104350000000004	60.104350000000004	85.0
88.0		0.43564453125	0.4955078125	-0.0041015625	62.225680000000004	62.225680000000004	88.0
91.0		0.457421875	0.5453125	-0.0048828125	64.34701	64.34701	91.0
94.0		0.47578125	0.58876953125	-0.0044921875	66.46834	66.46834	94.0
97.0		0.486328125	0.62861328125	-0.00546875	68.58967	68.58967	97.0
100.0		0.483984375	0.63564453125	-0.00517578125	70.711	70.711	100.0
103.0		0.478125	0.6365234375	-0.00615234375	72.83233	72.83233	103.0
106.0		0.46904296875	0.62265625	-0.0052734375	74.95366	74.95366	106.0
109.0		0.46318359375	0.620703125	-0.0064453125	77.07499	77.07499	109.0
112.0		0.45947265625	0.60908203125	-0.0064453125	79.19632	79.19632	112.0
115.0		0.45244140625	0.58349609375	-0.00634765625	81.31765	81.31765	115.0
118.0		0.44462890625	0.5525390625	-0.00693359375	83.43898	83.43898	118.0
121.0		0.43681640625	0.5119140625	-0.00703125	85.56031	85.56031	121.0
124.0		0.42939453125	0.46103515625	-0.0072265625	87.68164	87.68164	124.0
127.0		0.42373046875	0.39970703125	-0.00810546875	89.80297	89.80297	127.0
130.0		0.4265625	0.3337890625	-0.00849609375	91.9243	91.9243	130.0
133.0		0.42998046875	0.24326171875	-0.00859375	94.04563	94.04563	133.0
136.0		0.431640625	0.1447265625	-0.00908203125	96.16696	96.16696	136.0
139.0		0.44228515625	0.0685546875	-0.00947265625	98.28829	98.28829	139.0
142.0		0.44697265625	0.0138671875	-0.00693359375	100.40962	100.40962	142.0
145.0		0.45634765625	-0.001171875	0.0076171875	102.53095	102.53095	145.0
148.0		0.46533203125	-0.0029296875	0.0560546875	104.65228	104.65228	148.0
151.0		0.46865234375	-0.00263671875	0.15810546875	106.77361	106.77361	151.0
154.0		0.4740234375	-0.00244140625	0.3375	108.89494	108.89494	154.0
157.0		0.46943359375	-0.002734375	0.5353515625	111.01627	111.01627	157.0
160.0		0.46328125	-0.00185546875	0.64306640625	113.1376	113.1376	160.0
163.0		0.43916015625	-0.00185546875	0.70537109375	115.25893	115.25893	163.0
166.0		0.41220703125	-0.00107421875	0.69208984375	117.38026	117.38026	166.0
169.0		0.36201171875	-8.7890625E-4	0.7046875	119.50159000000001	119.50159000000001	169.0
172.0		0.29794921875	-8.7890625E-4	0.6935546875	121.62292000000001	121.62292000000001	172.0
175.0		0.22255859375	-6.8359375E-4	0.67822265625	123.74425000000001	123.74425000000001	175.0
178.0		0.153125	0.0	0.6689453125	125.86558000000001	125.86558000000001	178.0
181.0		0.0962890625	-9.765625E-5	0.6662109375	127.98691000000001	127.98691000000001	181.0
184.0		0.05244140625	2.9296875E-4	0.67490234375	130.10824	130.10824	184.0
187.0		0.01943359375	2.9296875E-4	0.66484375	132.22957	132.22957	187.0
190.0		0.0015625	6.8359375E-4	0.69267578125	134.3509	134.3509	190.0
193.0		-0.00556640625	7.8125E-4	0.69189453125	136.47223	136.47223	193.0
196.0		-0.0078125	6.8359375E-4	0.7068359375	138.59356	138.59356	196.0
199.0		-0.00927734375	5.859375E-4	0.726953125	140.71489	140.71489	199.0
202.0		-0.00888671875	0.00166015625	0.751953125	142.83622	142.83622	202.0
205.0		-0.00947265625	0.001171875	0.72626953125	144.95755	144.95755	205.0
208.0		-0.0083984375	0.0013671875	0.6474609375	147.07888	147.07888	208.0
211.0		-0.00830078125	0.00126953125	0.5080078125	149.20021	149.20021	211.0
214.0		-0.008203125	0.00185546875	0.30126953125	151.32154	151.32154	214.0
217.0		-0.00830078125	0.001953125	0.1392578125	153.44287	153.44287	217.0
220.0		-0.00771484375	0.002734375	0.0427734375	155.5642	155.5642	220.0
223.0		-0.0072265625	0.00234375	8.7890625E-4	157.68553	157.68553	223.0
226.0		-0.00751953125	0.00244140625	-0.0099609375	159.80686	159.80686	226.0
229.0		-0.00712890625	0.0025390625	-0.0109375	161.92819	161.92819	229.0
232.0		-0.00712890625	0.00244140625	-0.0107421875	164.04952	164.04952	232.0
235.0		-0.00654296875	0.0029296875	-0.0099609375	166.17085	166.17085	235.0
238.0		-0.00615234375	0.0033203125	-0.009375	168.29218	168.29218	238.0
241.0		-0.00595703125	0.00234375	-0.00947265625	170.41351	170.41351	241.0
244.0		-0.00625	0.0025390625	-0.00966796875	172.53484	172.53484	244.0
247.0		-0.00625	0.002734375	-0.00849609375	174.65617	174.65617	247.0
250.0		-0.0060546875	0.00263671875	-0.00859375	176.7775	176.7775	250.0
253.0		-0.00615234375	0.002734375	-0.00810546875	178.89883	178.89883	253.0
256.0		-0.00546875	0.0025390625	-0.00771484375	181.02016	181.02016	256.0
259.0		-0.00498046875	0.0033203125	-0.00673828125	183.14149	183.14149	259.0
262.0		-0.00546875	0.00322265625	-0.00751953125	185.26282	185.26282	262.0
265.0		-0.00576171875	0.0025390625	-0.00732421875	187.38415	187.38415	265.0
268.0		-0.00546875	0.0029296875	-0.006640625	189.50548	189.50548	268.0
271.0		-0.00537109375	0.002734375	-0.0068359375	191.62681	191.62681	271.0
274.0		-0.005078125	0.003125	-0.00693359375	193.74814	193.74814	274.0
277.0		-0.00537109375	0.0029296875	-0.00654296875	195.86947	195.86947	277.0
280.0		-0.00458984375	0.003125	-0.005859375	197.9908	197.9908	280.0
283.0		-0.0048828125	0.00302734375	-0.00625	200.11213	200.11213	283.0
286.0		-0.005078125	0.00283203125	-0.00615234375	202.23346	202.23346	286.0
289.0		-0.00556640625	0.0029296875	-0.00595703125	204.35479	204.35479	289.0
292.0		-0.0046875	0.003125	-0.0052734375	206.47612	206.47612	292.0

Position	X Fit	Y Fit	Z Fit
--------	-----	-----	-----
25.0		0.07733698522595878	-0.018145400210008142	0.010386162405059232	17.67775	17.67775	25.0
28.0		0.08803209788702482	-0.01736743982973947	0.010386162421373716	19.79908	19.79908	28.0
31.0		0.09973307298373334	-0.016174407188270335	0.010386162458172624	21.92041	21.92041	31.0
34.0		0.11243958748020512	-0.01438251356127565	0.010386162539959894	24.04174	24.04174	34.0
37.0		0.12613338268055224	-0.011746967996851557	0.010386162719070367	26.16307	26.16307	37.0
40.0		0.1407763371039857	-0.007951622592442305	0.01038616310555802	28.2844	28.2844	40.0
43.0		0.1563088783057544	-0.00260145322419603	0.010386163927278825	30.405730000000002	30.405730000000002	43.0
46.0		0.17264883217332935	0.004779608062636036	0.010386165648676797	32.52706	32.52706	46.0
49.0		0.18969080225083992	0.014742570841984926	0.010386169201721173	34.64839	34.64839	49.0
52.0		0.20730616061881302	0.02789603124665069	0.010386176427355115	36.76972	36.76972	52.0
55.0		0.22534371577726287	0.0448750257928294	0.010386190905086455	38.89105	38.89105	55.0
58.0		0.24363110213899777	0.06629464736501488	0.010386219485409834	41.01238	41.01238	58.0
61.0		0.2619769107354657	0.09268876744330863	0.010386275071766916	43.13371	43.13371	61.0
64.0		0.2801735524698336	0.12443661853587974	0.010386381583052344	45.25504	45.25504	64.0
67.0		0.29800081489499947	0.1616827743387635	0.010386582650021257	47.37637	47.37637	67.0
70.0		0.31523004244538944	0.20425880990428594	0.010386956583455	49.4977	49.4977	70.0
73.0		0.33162883986255903	0.25161709092529355	0.010387641671608586	51.61903	51.61903	73.0
76.0		0.3469661708462414	0.30278815020866656	0.010388878150328143	53.74036	53.74036	76.0
79.0		0.3610177003265995	0.3563724618181957	0.010391076534217487	55.86169	55.86169	79.0
82.0		0.3735712106518224	0.41057483729766087	0.010394926748903832	57.98302	57.98302	82.0
85.0		0.3844319106499398	0.4632851950156757	0.010401569038260174	60.104350000000004	60.104350000000004	85.0
88.0		0.3934274528676133	0.5122035387795189	0.010412856283161088	62.225680000000004	62.225680000000004	88.0
91.0		0.40041247883261066	0.5550004443754641	0.010431748380280473	64.34701	64.34701	91.0
94.0		0.4052725250103389	0.5894982696488339	0.010462892635618884	66.46834	66.46834	94.0
97.0		0.4079271428449611	0.6138538150976766	0.010513459193714214	68.58967	68.58967	97.0
100.0		0.4083321140549537	0.6267212329941256	0.01059431608465727	70.711	70.711	100.0
103.0		0.40648067593970183	0.6273751789782198	0.010721642256575242	72.83233	72.83233	103.0
106.0		0.40240370924989755	0.6157785307556812	0.010919085448623283	74.95366	74.95366	106.0
109.0		0.39616888132852546	0.592585878122981	0.011220570034069502	77.07499	77.07499	109.0
112.0		0.38787877774659246	0.5590823278490528	0.011673841790508111	79.19632	79.19632	112.0
115.0		0.3776680945218738	0.5170655825297235	0.012344794788605345	81.31765	81.31765	115.0
118.0		0.36569999830357774	0.46868634548200916	0.013322553034382841	83.43898	83.43898	118.0
121.0		0.3521617919303678	0.4162667421123823	0.014725170291247654	85.56031	85.56031	121.0
124.0		0.3372600461385134	0.36211798615646695	0.016705663025860257	87.68164	87.68164	124.0
127.0		0.321215373919114	0.3083769031535182	0.019457906562490242	89.80297	89.80297	127.0
130.0		0.30425703154972633	0.256876665527986	0.023221714037321317	91.9243	91.9243	130.0
133.0		0.28661752957100645	0.2090611265162551	0.02828620209427435	94.04563	94.04563	133.0
136.0		0.2685274283102173	0.16594559688421204	0.03499035746264678	96.16696	96.16696	136.0
139.0		0.2502104767502554	0.12812088300468405	0.043719595141502	98.28829	98.28829	139.0
142.0		0.23187923173241182	0.09579275071386975	0.05489708856756979	100.40962	100.40962	142.0
145.0		0.21373126805393472	0.06884618437335256	0.0689688016053931	102.53095	102.53095	145.0
148.0		0.19594606053469737	0.04692296604262808	0.08638149969965862	104.65228	104.65228	148.0
151.0		0.17868258820270846	0.02950195413926805	0.10755358258103591	106.77361	106.77361	151.0
154.0		0.16207767997283865	0.01597351231015837	0.13283935405427397	108.89494	108.89494	154.0
157.0		0.14624509202875532	0.005702249889212273	0.16248827903865237	111.01627	111.01627	157.0
160.0		0.13127528082537188	-0.0019249629987243243	0.19660178688596977	113.1376	113.1376	160.0
163.0		0.11723581321078694	-0.007466278522886727	0.23509113824466513	115.25893	115.25893	163.0
166.0		0.10417233733142285	-0.01140616239437456	0.2776406293215773	117.38026	117.38026	166.0
169.0		0.09211002513255327	-0.014148238192294884	0.32368080445616254	119.50159000000001	119.50159000000001	169.0
172.0		0.08105538949793521	-0.016016721866312554	0.372376246469339	121.62292000000001	121.62292000000001	172.0
175.0		0.07099837620969826	-0.017263502337702328	0.4226318223927482	123.74425000000001	123.74425000000001	175.0
178.0		0.06191463253910306	-0.01807829866514275	0.473119960839064	125.86558000000001	125.86558000000001	178.0
181.0		0.053767859799768176	-0.01859988488398106	0.5223296976001824	127.98691000000001	127.98691000000001	181.0
184.0		0.04651216587644745	-0.018926979916367367	0.5686360135705534	130.10824	130.10824	184.0
187.0		0.040094344780369356	-0.019127953801230498	0.6103856512428875	132.22957	132.22957	187.0
190.0		0.034456022854368946	-0.019248948188267292	0.6459934330600213	134.3509	134.3509	190.0
193.0		0.029535624566267838	-0.01932033015754403	0.6740414272405698	136.47223	136.47223	193.0
196.0		0.025270124167301317	-0.019361601024602958	0.6933723853178889	138.59356	138.59356	196.0
199.0		0.02159656223588514	-0.019384987309551068	0.7031688943212258	140.71489	140.71489	199.0
202.0		0.018453317779526423	-0.019397976121070807	0.7030107051459978	142.83622	142.83622	202.0
205.0		0.01578113676441343	-0.019405047328452055	0.6929046353831491	144.95755	144.95755	205.0
208.0		0.01352392644975231	-0.01940882093784565	0.6732840819599206	147.07888	147.07888	208.0
211.0		0.011629331612256912	-0.01941079509074457	0.6449781921339428	149.20021	149.20021	211.0
214.0		0.010049113654602284	-0.019411807566442042	0.6091537483854649	151.32154	151.32154	214.0
217.0		0.008739356790223323	-0.01941231664681426	0.567235442234082	153.44287	153.44287	217.0
220.0		0.007660527145770037	-0.019412567605691888	0.5208121224167849	155.5642	155.5642	220.0
223.0		0.0067774109307814166	-0.019412688902261898	0.471537590415803	157.68553	157.68553	223.0
226.0		0.006058957029035616	-0.01941274638512209	0.4210345037067863	159.80686	159.80686	226.0
229.0		0.005478047714932183	-0.019412773095819708	0.3708089984701863	161.92819	161.92819	229.0
232.0		0.005011218933090297	-0.01941278526612004	0.32218194604545036	164.04952	164.04952	232.0
235.0		0.004638348924467382	-0.01941279070360303	0.27624058410819136	166.17085	166.17085	235.0
238.0		0.004342331135821398	-0.01941279308584382	0.2338119252470409	168.29218	168.29218	238.0
241.0		0.0041087444777379925	-0.019412794109312157	0.19545714148466392	170.41351	170.41351	241.0
244.0		0.0039255312321864145	-0.01941279454050686	0.16148429855758817	172.53484	172.53484	244.0
247.0		0.003782690352226943	-0.019412794718659115	0.1319755310755854	174.65617	174.65617	247.0
250.0		0.003671991610832034	-0.019412794790842333	0.10682407719126974	176.7775	176.7775	250.0
253.0		0.003586714081252525	-0.019412794819524754	0.0857765074169732	178.89883	178.89883	253.0
256.0		0.0035214107824560986	-0.01941279483070206	0.06847589293329594	181.02016	181.02016	256.0
259.0		0.003471699995193816	-0.019412794834973823	0.05450242412001059	183.14149	183.14149	259.0
262.0		0.0034340827280939616	-0.019412794836574973	0.04340895209389154	185.26282	185.26282	262.0
265.0		0.003405785059771114	-0.019412794837163568	0.03474993428154748	187.38415	187.38415	265.0
268.0		0.003384623567217968	-0.01941279483737578	0.02810319571933488	189.50548	189.50548	268.0
271.0		0.0033688917350164394	-0.01941279483745082	0.023084684843438202	191.62681	191.62681	271.0
274.0		0.0033572650864695176	-0.019412794837476845	0.019356960685745425	193.74814	193.74814	274.0
277.0		0.0033487227509107808	-0.0194127948374857	0.016632489217444035	195.86947	195.86947	277.0
280.0		0.003342483248831963	-0.019412794837488652	0.014672970345674486	197.9908	197.9908	280.0
283.0		0.0033379524098695107	-0.01941279483748962	0.013285902417663123	200.11213	200.11213	283.0
286.0		0.00333468151440578	-0.01941279483748993	0.012319464881966662	202.23346	202.23346	286.0
289.0		0.0033323339483789212	-0.01941279483749003	0.011656608563846305	204.35479	204.35479	289.0
292.0		0.003330658867926861	-0.019412794837490057	0.011209027105775397	206.47612	206.47612	292.0

PVLoggerID = 61560906