start time: Sun Feb 16 12:25:53 EST 2025

RTBT_Diag:WS24

Name	X Fit	X RMS	Y Fit	Y RMS	Z Fit	Z RMS
-------	-----	-----	-----	-----	-----	-----
Area	31.369417254870093	32.29238786875	41.71308207911845	35.851181640625	34.833924055155876	32.443369204134115
Ampl	0.4592156141864151	0.47060546875000003	0.7840522080019005	0.7797851562499999	0.8109415932983363	0.7766601562500001
Mean	87.7260861516209	105.67932147809455	103.0555922793171	100.96778103711607	120.52368985676324	109.7508847134856
Sigma	27.25209350011719	19.23069369288376	21.224494896359396	15.832660416297523	17.1365301924793	11.547312010218626
Offset	-0.008871961207580012	-0.004736328125	-0.022664443096786707	-0.0115234375	0.005886750502168151	-0.00703125
Slope	0.0	0.0	0.0	0.0	0.0	0.0

Position	X Raw	Y Raw	Z Raw
--------	-----	-----	-----
25.0		-0.00400390625	-0.01103515625	-0.00673828125	17.67775	17.67775	25.0
28.0		-0.00546875	-0.01201171875	-0.00732421875	19.79908	19.79908	28.0
31.0		-0.0048828125	-0.0126953125	-0.0076171875	21.92041	21.92041	31.0
34.0		-0.0048828125	-0.01220703125	-0.007421875	24.04174	24.04174	34.0
37.0		-0.00517578125	-0.01298828125	-0.00830078125	26.16307	26.16307	37.0
40.0		-0.0046875	-0.01298828125	-0.0076171875	28.2844	28.2844	40.0
43.0		-0.00546875	-0.01328125	-0.0080078125	30.405730000000002	30.405730000000002	43.0
46.0		-0.00576171875	-0.0134765625	-0.008203125	32.52706	32.52706	46.0
49.0		-0.00546875	-0.013671875	-0.0078125	34.64839	34.64839	49.0
52.0		-0.00576171875	-0.0134765625	-0.00810546875	36.76972	36.76972	52.0
55.0		-0.00673828125	-0.01484375	-0.008984375	38.89105	38.89105	55.0
58.0		-0.00625	-0.01484375	-0.00849609375	41.01238	41.01238	58.0
61.0		-0.00625	-0.01181640625	-0.008984375	43.13371	43.13371	61.0
64.0		-0.00546875	0.0109375	-0.00830078125	45.25504	45.25504	64.0
67.0		-0.00634765625	0.07119140625	-0.00859375	47.37637	47.37637	67.0
70.0		-0.0068359375	0.15986328125	-0.0091796875	49.4977	49.4977	70.0
73.0		-0.00654296875	0.27841796875	-0.009375	51.61903	51.61903	73.0
76.0		-0.0068359375	0.38505859375	-0.0095703125	53.74036	53.74036	76.0
79.0		-0.00673828125	0.46865234375	-0.0095703125	55.86169	55.86169	79.0
82.0		-0.00751953125	0.53623046875	-0.00947265625	57.98302	57.98302	82.0
85.0		-0.0052734375	0.587109375	-0.0099609375	60.104350000000004	60.104350000000004	85.0
88.0		-8.7890625E-4	0.63310546875	-0.01005859375	62.225680000000004	62.225680000000004	88.0
91.0		0.01103515625	0.679296875	-0.0103515625	64.34701	64.34701	91.0
94.0		0.03740234375	0.71767578125	-0.01025390625	66.46834	66.46834	94.0
97.0		0.0841796875	0.73232421875	-0.01123046875	68.58967	68.58967	97.0
100.0		0.14384765625	0.75673828125	-0.0109375	70.711	70.711	100.0
103.0		0.223046875	0.764453125	-0.01103515625	72.83233	72.83233	103.0
106.0		0.31220703125	0.76220703125	-0.011328125	74.95366	74.95366	106.0
109.0		0.39697265625	0.73203125	-0.01103515625	77.07499	77.07499	109.0
112.0		0.44873046875	0.6908203125	-0.01142578125	79.19632	79.19632	112.0
115.0		0.49306640625	0.6181640625	-0.00537109375	81.31765	81.31765	115.0
118.0		0.51240234375	0.5599609375	0.02177734375	83.43898	83.43898	118.0
121.0		0.5263671875	0.50341796875	0.0876953125	85.56031	85.56031	121.0
124.0		0.52880859375	0.43232421875	0.2203125	87.68164	87.68164	124.0
127.0		0.52421875	0.33896484375	0.41796875	89.80297	89.80297	127.0
130.0		0.51689453125	0.2353515625	0.6412109375	91.9243	91.9243	130.0
133.0		0.50322265625	0.13271484375	0.75068359375	94.04563	94.04563	133.0
136.0		0.48984375	0.0388671875	0.79853515625	96.16696	96.16696	136.0
139.0		0.4845703125	-0.00830078125	0.833203125	98.28829	98.28829	139.0
142.0		0.47548828125	-0.01357421875	0.83134765625	100.40962	100.40962	142.0
145.0		0.4642578125	-0.013671875	0.80517578125	102.53095	102.53095	145.0
148.0		0.46005859375	-0.013671875	0.77919921875	104.65228	104.65228	148.0
151.0		0.4611328125	-0.01337890625	0.7701171875	106.77361	106.77361	151.0
154.0		0.4654296875	-0.01259765625	0.76259765625	108.89494	108.89494	154.0
157.0		0.4703125	-0.01220703125	0.7583984375	111.01627	111.01627	157.0
160.0		0.47783203125	-0.012890625	0.77587890625	113.1376	113.1376	160.0
163.0		0.48720703125	-0.0126953125	0.79541015625	115.25893	115.25893	163.0
166.0		0.4970703125	-0.01162109375	0.8115234375	117.38026	117.38026	166.0
169.0		0.51005859375	-0.01162109375	0.8365234375	119.50159000000001	119.50159000000001	169.0
172.0		0.5220703125	-0.01181640625	0.85283203125	121.62292000000001	121.62292000000001	172.0
175.0		0.52314453125	-0.01123046875	0.8240234375	123.74425000000001	123.74425000000001	175.0
178.0		0.524609375	-0.01103515625	0.77158203125	125.86558000000001	125.86558000000001	178.0
181.0		0.5126953125	-0.0107421875	0.6396484375	127.98691000000001	127.98691000000001	181.0
184.0		0.49775390625	-0.01064453125	0.411328125	130.10824	130.10824	184.0
187.0		0.45498046875	-0.01064453125	0.1673828125	132.22957	132.22957	187.0
190.0		0.3998046875	-0.01015625	0.04970703125	134.3509	134.3509	190.0
193.0		0.3244140625	-0.01015625	4.8828125E-4	136.47223	136.47223	193.0
196.0		0.2232421875	-0.01005859375	-0.0125	138.59356	138.59356	196.0
199.0		0.13369140625	-0.01064453125	-0.014453125	140.71489	140.71489	199.0
202.0		0.07890625	-0.0103515625	-0.01357421875	142.83622	142.83622	202.0
205.0		0.03603515625	-0.00986328125	-0.01376953125	144.95755	144.95755	205.0
208.0		0.0115234375	-0.010546875	-0.01396484375	147.07888	147.07888	208.0
211.0		-0.00107421875	-0.00927734375	-0.012890625	149.20021	149.20021	211.0
214.0		-0.00634765625	-0.01025390625	-0.01279296875	151.32154	151.32154	214.0
217.0		-0.00771484375	-0.009765625	-0.0125	153.44287	153.44287	217.0
220.0		-0.007421875	-0.00947265625	-0.012890625	155.5642	155.5642	220.0
223.0		-0.0076171875	-0.00947265625	-0.01220703125	157.68553	157.68553	223.0
226.0		-0.00732421875	-0.0091796875	-0.01181640625	159.80686	159.80686	226.0
229.0		-0.0072265625	-0.00908203125	-0.01123046875	161.92819	161.92819	229.0
232.0		-0.00732421875	-0.01005859375	-0.01201171875	164.04952	164.04952	232.0
235.0		-0.0068359375	-0.00947265625	-0.0109375	166.17085	166.17085	235.0
238.0		-0.00693359375	-0.00986328125	-0.0119140625	168.29218	168.29218	238.0
241.0		-0.0068359375	-0.01005859375	-0.01123046875	170.41351	170.41351	241.0
244.0		-0.00625	-0.009375	-0.01142578125	172.53484	172.53484	244.0
247.0		-0.0060546875	-0.0099609375	-0.0109375	174.65617	174.65617	247.0
250.0		-0.0060546875	-0.00927734375	-0.01064453125	176.7775	176.7775	250.0
253.0		-0.005859375	-0.0095703125	-0.01103515625	178.89883	178.89883	253.0
256.0		-0.00537109375	-0.00908203125	-0.0099609375	181.02016	181.02016	256.0
259.0		-0.00517578125	-0.00888671875	-0.01015625	183.14149	183.14149	259.0
262.0		-0.0056640625	-0.00947265625	-0.01044921875	185.26282	185.26282	262.0
265.0		-0.0056640625	-0.0095703125	-0.0103515625	187.38415	187.38415	265.0
268.0		-0.00400390625	-0.0076171875	-0.00869140625	189.50548	189.50548	268.0
271.0		-0.005078125	-0.0091796875	-0.00966796875	191.62681	191.62681	271.0
274.0		-0.0044921875	-0.00927734375	-0.0095703125	193.74814	193.74814	274.0
277.0		-0.00458984375	-0.00859375	-0.009375	195.86947	195.86947	277.0
280.0		-0.0044921875	-0.008984375	-0.00927734375	197.9908	197.9908	280.0
283.0		-0.00390625	-0.008984375	-0.00908203125	200.11213	200.11213	283.0
286.0		-0.0044921875	-0.00966796875	-0.00927734375	202.23346	202.23346	286.0
289.0		-0.004296875	-0.008984375	-0.00888671875	204.35479	204.35479	289.0
292.0		-0.0037109375	-0.00908203125	-0.0083984375	206.47612	206.47612	292.0

Position	X Fit	Y Fit	Z Fit
--------	-----	-----	-----
25.0		0.007914624219551948	-0.02139958792440837	0.0055948730634482165	17.67775	17.67775	25.0
28.0		0.011592771275282514	-0.020796301045217378	0.005594886265051928	19.79908	19.79908	28.0
31.0		0.01592067917991608	-0.019841663200076763	0.005594913005503422	21.92041	21.92041	31.0
34.0		0.02097728683902382	-0.018363338146795798	0.00559496632261541	24.04174	24.04174	34.0
37.0		0.026843308728763497	-0.016123302560927283	0.005595070965979969	26.16307	26.16307	37.0
40.0		0.03359945598870039	-0.012802659542548764	0.005595273125754632	28.2844	28.2844	40.0
43.0		0.041324303743484884	-0.007987727595189599	0.005595657545693374	30.405730000000002	30.405730000000002	43.0
46.0		0.050091819920940965	-0.0011601763554159109	0.00559637705202016	32.52706	32.52706	46.0
49.0		0.059968589332311514	0.008305201968966537	0.005597702520967134	34.64839	34.64839	49.0
52.0		0.07101078698170686	0.02113094141759015	0.005600105768822017	36.76972	36.76972	52.0
55.0		0.08326097560097048	0.03811138915528353	0.0056043942997496725	38.89105	38.89105	55.0
58.0		0.09674482317603562	0.06006778468185008	0.005611925867682878	41.01238	41.01238	58.0
61.0		0.11146785548261456	0.0877821927419683	0.005624942956794362	43.13371	43.13371	61.0
64.0		0.1274123750129913	0.12191128511578797	0.005647082950545374	45.25504	45.25504	64.0
67.0		0.14453468975044553	0.16288456965704737	0.005684138935158378	47.37637	47.37637	67.0
70.0		0.1627628016949041	0.21079572166818417	0.0057451680431877305	49.4977	49.4977	70.0
73.0		0.18199470469105972	0.2652995165756831	0.005844067134386189	51.61903	51.61903	73.0
76.0		0.20209743305966255	0.3255296550818879	0.006001756006009048	53.74036	53.74036	76.0
79.0		0.22290698625822386	0.3900536509706819	0.006249120808220126	55.86169	55.86169	79.0
82.0		0.24422923023080217	0.45687923428221555	0.006630867274377556	57.98302	57.98302	82.0
85.0		0.2658418436976747	0.5235221140965007	0.007210405020277054	60.104350000000004	60.104350000000004	85.0
88.0		0.2874973383803303	0.587137703160325	0.00807581936928843	62.225680000000004	62.225680000000004	88.0
91.0		0.3089271375870822	0.6447104002454368	0.00934687482205368	64.34701	64.34701	91.0
94.0		0.3298466497156657	0.6932846535481254	0.0111828257217165	66.46834	66.46834	94.0
97.0		0.34996122446852956	0.7302139864419284	0.01379058181032608	68.58967	68.58967	97.0
100.0		0.3689728325913213	0.753399110224355	0.01743249559358953	70.711	70.711	100.0
103.0		0.38658726750097355	0.7614854130034087	0.022432724284733703	72.83233	72.83233	103.0
106.0		0.4025216319494005	0.7539939984184301	0.029180807153793082	74.95366	74.95366	106.0
109.0		0.4165118472831842	0.7313686441196818	0.03813084167229097	77.07499	77.07499	109.0
112.0		0.4283199088676439	0.6949322759056658	0.04979450537363127	79.19632	79.19632	112.0
115.0		0.43774061019416977	0.6467588949744301	0.06472622862681308	81.31765	81.31765	115.0
118.0		0.44460747070018164	0.589478202750373	0.08349914626370838	83.43898	83.43898	118.0
121.0		0.44879762821460756	0.5260385089536713	0.10667109362429614	85.56031	85.56031	121.0
124.0		0.45023549518980666	0.4594575721076432	0.1347408790435802	87.68164	87.68164	124.0
127.0		0.44889502670546405	0.3925903636300908	0.1680963216768914	89.80297	89.80297	127.0
130.0		0.4448005051639888	0.3279378330339056	0.20695698942666824	91.9243	91.9243	130.0
133.0		0.43802580864553753	0.26751279531179534	0.2513160410244926	94.04563	94.04563	133.0
136.0		0.4286921937235464	0.21276970785708477	0.3008868509426125	96.16696	96.16696	136.0
139.0		0.4169646857106335	0.16459605526555543	0.35506093082950907	98.28829	98.28829	139.0
142.0		0.4030472264715872	0.12335573077035597	0.41288382292921005	100.40962	100.40962	142.0
145.0		0.38717677909483955	0.08897008487681204	0.473054952605734	102.53095	102.53095	145.0
148.0		0.3696166273677977	0.061020485668240206	0.5339558135776681	104.65228	104.65228	148.0
151.0		0.350649134340885	0.038857025366534605	0.5937083821459854	106.77361	106.77361	151.0
154.0		0.3305682372531261	0.021700741949388334	0.6502625282915457	108.89494	108.89494	154.0
157.0		0.3096719555127821	0.008730544315183546	0.7015077643534962	111.01627	111.01627	157.0
160.0		0.2882551748700861	-8.499082209197893E-4	0.7454013975054797	113.1376	113.1376	160.0
163.0		0.2666029457105137	-0.007766491342689769	0.7801025156555428	115.25893	115.25893	163.0
166.0		0.24498449847620063	-0.012648413658299069	0.8040996766711987	117.38026	117.38026	166.0
169.0		0.2236481369882562	-0.01601812811551251	0.8163200003801875	119.50159000000001	119.50159000000001	169.0
172.0		0.2028171235700455	-0.01829318713912133	0.8162087031855925	121.62292000000001	121.62292000000001	172.0
175.0		0.18268662112695255	-0.019795884746770902	0.8037708630878555	123.74425000000001	123.74425000000001	175.0
178.0		0.16342170939517953	-0.02076706901721833	0.7795710354977102	125.86558000000001	125.86558000000001	178.0
181.0		0.1451564478494351	-0.021381320108898972	0.7446907603274688	127.98691000000001	127.98691000000001	181.0
184.0		0.12799391828842943	-0.02176156231811369	0.7006484154933292	130.10824	130.10824	184.0
187.0		0.11200714744776397	-0.021991968658942023	0.6492896890731054	132.22957	132.22957	187.0
190.0		0.09724078513713771	-0.02212864474795203	0.5926596673283714	134.3509	134.3509	190.0
193.0		0.08371339683144707	-0.022208021693404353	0.532868849339047	136.47223	136.47223	193.0
196.0		0.07142022131254587	-0.022253159003887434	0.47196520194516545	138.59356	138.59356	196.0
199.0		0.060336243349107574	-0.022278292256599982	0.41182278643650133	140.71489	140.71489	199.0
202.0		0.05041943762893351	-0.022291996740389657	0.35405483628703865	142.83622	142.83622	202.0
205.0		0.04161405205722451	-0.02229931493921467	0.2999558837199744	144.95755	144.95755	205.0
208.0		0.033853814771327845	-0.02230314228317807	0.2504741073166784	147.07888	147.07888	208.0
211.0		0.027064968396481454	-0.022305102773473213	0.20621195341562476	149.20021	149.20021	211.0
214.0		0.021169055805806178	-0.022306086390663844	0.16745062078220202	151.32154	151.32154	214.0
217.0		0.016085402687418787	-0.022306569783692547	0.13419240099385454	153.44287	153.44287	217.0
220.0		0.011733262468047678	-0.022306802488142163	0.10621419490251835	155.5642	155.5642	220.0
223.0		0.008033607712797375	-0.022306912225594517	0.0831257011591	157.68553	157.68553	223.0
226.0		0.004910568363279223	-0.022306962920649428	0.06442661783556645	159.80686	159.80686	226.0
229.0		0.0022925306737130707	-0.02230698586366198	0.049558478413293756	161.92819	161.92819	229.0
232.0		1.129212597508946E-4	-0.022306996036028915	0.03794821406895712	164.04952	164.04952	232.0
235.0		-0.0016892917146241393	-0.022307000454703806	0.029041977943510194	166.17085	166.17085	235.0
238.0		-0.003169343362274318	-0.022307002335195687	0.02232901944520341	168.29218	168.29218	238.0
241.0		-0.004376623741177673	-0.022307003119293876	0.017356357366790226	170.41351	170.41351	241.0
244.0		-0.005354797019362038	-0.02230700343962456	0.013735632322553745	172.53484	172.53484	244.0
247.0		-0.006142050345069684	-0.02230700356784718	0.011143836488845416	174.65617	174.65617	247.0
250.0		-0.0067714374964777625	-0.022307003618136662	0.009319672773742009	176.7775	176.7775	250.0
253.0		-0.007271286155085398	-0.022307003637462745	0.008057156263015102	178.89883	178.89883	253.0
256.0		-0.007665641949800696	-0.022307003644740076	0.007197811826831319	181.02016	181.02016	256.0
259.0		-0.007974726934049107	-0.02230700364742523	0.006622509375969759	183.14149	183.14149	259.0
262.0		-0.00821539462327565	-0.022307003648396054	0.006243664445332363	185.26282	185.26282	262.0
265.0		-0.008401567933198085	-0.02230700364874	0.005998251824660425	187.38415	187.38415	265.0
268.0		-0.008544650177192943	-0.02230700364885941	0.005841853141242263	189.50548	189.50548	268.0
271.0		-0.00865390261515273	-0.022307003648900033	0.005743791788262121	191.62681	191.62681	271.0
274.0		-0.008736784853349864	-0.022307003648913575	0.0056832971938885115	193.74814	193.74814	274.0
277.0		-0.008799256670452558	-0.022307003648918	0.005646576382718948	195.86947	195.86947	277.0
280.0		-0.008846041613007656	-0.022307003648919417	0.005624642974158691	197.9908	197.9908	280.0
283.0		-0.008880854009029491	-0.02230700364891986	0.005611751055055661	200.11213	200.11213	283.0
286.0		-0.008906591948166911	-0.022307003648919996	0.00560429404964856	202.23346	202.23346	286.0
289.0		-0.00892549933484472	-0.022307003648920038	0.005600049190766033	204.35479	204.35479	289.0
292.0		-0.008939300401362817	-0.022307003648920052	0.005597671095838644	206.47612	206.47612	292.0
RTBT_Diag:WS23

Name	X Fit	X RMS	Y Fit	Y RMS	Z Fit	Z RMS
-------	-----	-----	-----	-----	-----	-----
Area	34.24317798124761	32.28572994012045	37.785606569843814	32.405328776041664	31.1991291027604	31.374822873925783
Ampl	0.7378992237301019	0.7101562499999999	0.7203899466584543	0.7135742187499999	0.4977477307802435	0.51357421875
Mean	110.9866043498004	99.04249520090482	98.47333843642883	98.10376118655738	132.153363961161	112.74201398601399
Sigma	18.513437977308126	12.865367361166841	20.9251616034444	15.763373258446519	25.00594365600264	16.955518412662638
Offset	-0.0012657054143829086	-0.014794921875	-0.01977653022687044	-0.008203125	0.014202546180143194	-0.00625
Slope	0.0	0.0	0.0	0.0	0.0	0.0

Position	X Raw	Y Raw	Z Raw
--------	-----	-----	-----
25.0		-0.0140625	-0.0076171875	-0.00576171875	17.67775	17.67775	25.0
28.0		-0.01552734375	-0.0087890625	-0.00673828125	19.79908	19.79908	28.0
31.0		-0.01533203125	-0.00869140625	-0.00673828125	21.92041	21.92041	31.0
34.0		-0.01552734375	-0.00859375	-0.00673828125	24.04174	24.04174	34.0
37.0		-0.015625	-0.0087890625	-0.00693359375	26.16307	26.16307	37.0
40.0		-0.015234375	-0.00869140625	-0.00615234375	28.2844	28.2844	40.0
43.0		-0.01591796875	-0.009375	-0.0078125	30.405730000000002	30.405730000000002	43.0
46.0		-0.015625	-0.00966796875	-0.0072265625	32.52706	32.52706	46.0
49.0		-0.01552734375	-0.009765625	-0.00703125	34.64839	34.64839	49.0
52.0		-0.01630859375	-0.01005859375	-0.0072265625	36.76972	36.76972	52.0
55.0		-0.01611328125	-0.010546875	-0.0076171875	38.89105	38.89105	55.0
58.0		-0.016796875	-0.0087890625	-0.00791015625	41.01238	41.01238	58.0
61.0		-0.016796875	0.00751953125	-0.0080078125	43.13371	43.13371	61.0
64.0		-0.0166015625	0.06435546875	-0.00830078125	45.25504	45.25504	64.0
67.0		-0.0171875	0.1439453125	-0.008203125	47.37637	47.37637	67.0
70.0		-0.01728515625	0.23916015625	-0.00869140625	49.4977	49.4977	70.0
73.0		-0.01689453125	0.3361328125	-0.00888671875	51.61903	51.61903	73.0
76.0		-0.01728515625	0.415234375	-0.0087890625	53.74036	53.74036	76.0
79.0		-0.017578125	0.46875	-0.00869140625	55.86169	55.86169	79.0
82.0		-0.01826171875	0.52314453125	-0.0091796875	57.98302	57.98302	82.0
85.0		-0.01845703125	0.5703125	-0.00927734375	60.104350000000004	60.104350000000004	85.0
88.0		-0.018359375	0.61650390625	-0.009765625	62.225680000000004	62.225680000000004	88.0
91.0		-0.01875	0.66298828125	-0.009375	64.34701	64.34701	91.0
94.0		-0.0171875	0.69033203125	-0.009375	66.46834	66.46834	94.0
97.0		-0.00966796875	0.69716796875	-0.009765625	68.58967	68.58967	97.0
100.0		0.0220703125	0.69677734375	-0.0068359375	70.711	70.711	100.0
103.0		0.09375	0.68779296875	0.0021484375	72.83233	72.83233	103.0
106.0		0.21572265625	0.66337890625	0.02421875	74.95366	74.95366	106.0
109.0		0.37216796875	0.63330078125	0.05615234375	77.07499	77.07499	109.0
112.0		0.51162109375	0.58505859375	0.103515625	79.19632	79.19632	112.0
115.0		0.64150390625	0.51083984375	0.1654296875	81.31765	81.31765	115.0
118.0		0.69990234375	0.45654296875	0.26689453125	83.43898	83.43898	118.0
121.0		0.73623046875	0.39267578125	0.36533203125	85.56031	85.56031	121.0
124.0		0.746875	0.31025390625	0.44619140625	87.68164	87.68164	124.0
127.0		0.74091796875	0.21357421875	0.502734375	89.80297	89.80297	127.0
130.0		0.72373046875	0.11884765625	0.5330078125	91.9243	91.9243	130.0
133.0		0.7017578125	0.0310546875	0.54208984375	94.04563	94.04563	133.0
136.0		0.68642578125	-0.00419921875	0.5412109375	96.16696	96.16696	136.0
139.0		0.68056640625	-0.0099609375	0.549609375	98.28829	98.28829	139.0
142.0		0.68427734375	-0.01025390625	0.54521484375	100.40962	100.40962	142.0
145.0		0.6916015625	-0.009765625	0.53291015625	102.53095	102.53095	145.0
148.0		0.70830078125	-0.009375	0.52001953125	104.65228	104.65228	148.0
151.0		0.73369140625	-0.00927734375	0.5130859375	106.77361	106.77361	151.0
154.0		0.76357421875	-0.008984375	0.5048828125	108.89494	108.89494	154.0
157.0		0.77880859375	-0.0091796875	0.4966796875	111.01627	111.01627	157.0
160.0		0.76787109375	-0.00888671875	0.50107421875	113.1376	113.1376	160.0
163.0		0.7400390625	-0.00810546875	0.5041015625	115.25893	115.25893	163.0
166.0		0.6576171875	-0.0087890625	0.50263671875	117.38026	117.38026	166.0
169.0		0.49580078125	-0.00830078125	0.499609375	119.50159000000001	119.50159000000001	169.0
172.0		0.28212890625	-0.00791015625	0.50732421875	121.62292000000001	121.62292000000001	172.0
175.0		0.137109375	-0.0072265625	0.52197265625	123.74425000000001	123.74425000000001	175.0
178.0		0.04599609375	-0.00673828125	0.53369140625	125.86558000000001	125.86558000000001	178.0
181.0		-7.8125E-4	-0.006640625	0.54365234375	127.98691000000001	127.98691000000001	181.0
184.0		-0.01533203125	-0.006640625	0.555078125	130.10824	130.10824	184.0
187.0		-0.0189453125	-0.00693359375	0.56796875	132.22957	132.22957	187.0
190.0		-0.01884765625	-0.00615234375	0.5607421875	134.3509	134.3509	190.0
193.0		-0.01923828125	-0.00625	0.5142578125	136.47223	136.47223	193.0
196.0		-0.0185546875	-0.00595703125	0.45244140625	138.59356	138.59356	196.0
199.0		-0.01875	-0.0060546875	0.3705078125	140.71489	140.71489	199.0
202.0		-0.01884765625	-0.005859375	0.2599609375	142.83622	142.83622	202.0
205.0		-0.01806640625	-0.0060546875	0.15390625	144.95755	144.95755	205.0
208.0		-0.01787109375	-0.00615234375	0.07666015625	147.07888	147.07888	208.0
211.0		-0.01787109375	-0.0056640625	0.02744140625	149.20021	149.20021	211.0
214.0		-0.01787109375	-0.00576171875	0.00146484375	151.32154	151.32154	214.0
217.0		-0.0177734375	-0.0056640625	-0.01015625	153.44287	153.44287	217.0
220.0		-0.01748046875	-0.00625	-0.01240234375	155.5642	155.5642	220.0
223.0		-0.01708984375	-0.0056640625	-0.0123046875	157.68553	157.68553	223.0
226.0		-0.01708984375	-0.00537109375	-0.01201171875	159.80686	159.80686	226.0
229.0		-0.01650390625	-0.00517578125	-0.0125	161.92819	161.92819	229.0
232.0		-0.016796875	-0.00595703125	-0.01259765625	164.04952	164.04952	232.0
235.0		-0.01630859375	-0.0056640625	-0.01201171875	166.17085	166.17085	235.0
238.0		-0.0166015625	-0.00576171875	-0.0115234375	168.29218	168.29218	238.0
241.0		-0.0162109375	-0.00517578125	-0.011328125	170.41351	170.41351	241.0
244.0		-0.0162109375	-0.00556640625	-0.011328125	172.53484	172.53484	244.0
247.0		-0.01591796875	-0.00517578125	-0.011328125	174.65617	174.65617	247.0
250.0		-0.0158203125	-0.00517578125	-0.01103515625	176.7775	176.7775	250.0
253.0		-0.0162109375	-0.00537109375	-0.0111328125	178.89883	178.89883	253.0
256.0		-0.016015625	-0.0052734375	-0.01083984375	181.02016	181.02016	256.0
259.0		-0.01513671875	-0.00517578125	-0.00986328125	183.14149	183.14149	259.0
262.0		-0.015625	-0.00576171875	-0.01025390625	185.26282	185.26282	262.0
265.0		-0.0154296875	-0.0052734375	-0.00966796875	187.38415	187.38415	265.0
268.0		-0.0150390625	-0.0044921875	-0.00966796875	189.50548	189.50548	268.0
271.0		-0.01474609375	-0.0052734375	-0.0099609375	191.62681	191.62681	271.0
274.0		-0.015234375	-0.00517578125	-0.00947265625	193.74814	193.74814	274.0
277.0		-0.01484375	-0.00498046875	-0.0095703125	195.86947	195.86947	277.0
280.0		-0.0150390625	-0.0052734375	-0.00947265625	197.9908	197.9908	280.0
283.0		-0.01435546875	-0.0052734375	-0.008984375	200.11213	200.11213	283.0
286.0		-0.01474609375	-0.0052734375	-0.00869140625	202.23346	202.23346	286.0
289.0		-0.01484375	-0.00546875	-0.00869140625	204.35479	204.35479	289.0
292.0		-0.01455078125	-0.00546875	-0.00849609375	206.47612	206.47612	292.0

Position	X Fit	Y Fit	Z Fit
--------	-----	-----	-----
25.0		-0.0015835163766499368	-0.018009229294104968	0.01367986947850306	17.67775	17.67775	25.0
28.0		-0.0015817902008581815	-0.017042475139417704	0.01368646104938194	19.79908	19.79908	28.0
31.0		-0.0015788261134129311	-0.015542355675556892	0.013695928995924781	21.92041	21.92041	31.0
34.0		-0.0015738054626073953	-0.01326619233415702	0.013709426112939795	24.04174	24.04174	34.0
37.0		-0.0015654170400161813	-0.009889649794524212	0.013728521936026476	26.16307	26.16307	37.0
40.0		-0.0015515928641365914	-0.0049936152596425434	0.013755334684988973	28.2844	28.2844	40.0
43.0		-0.0015291218186927376	0.0019441382340704694	0.013792697787050305	30.405730000000002	30.405730000000002	43.0
46.0		-0.0014930956794134511	0.011548702114101823	0.01384436746250542	32.52706	32.52706	46.0
49.0		-0.0014361308582870082	0.02453492503411403	0.013915278181724413	34.64839	34.64839	49.0
52.0		-0.001347298099526821	0.0416773151604888	0.01401185280169604	36.76972	36.76972	52.0
55.0		-0.0012106831222195983	0.06375982739572905	0.014142373725355067	38.89105	38.89105	55.0
58.0		-0.0010034963895775967	0.09150446533587699	0.014317420343095001	41.01238	41.01238	58.0
61.0		-6.936532425812428E-4	0.1254807309651404	0.014550376148292979	43.13371	43.13371	61.0
64.0		-2.3676081376694416E-4	0.16600186287663007	0.014858006103603594	45.25504	45.25504	64.0
67.0		4.2751980671153797E-4	0.2130179904305975	0.01526110092508152	47.37637	47.37637	67.0
70.0		0.001379714031180833	0.266020020426005	0.015785179836229134	49.4977	49.4977	70.0
73.0		0.002725275684625555	0.3239703487162713	0.01646123697331856	51.61903	51.61903	73.0
76.0		0.004599622972507153	0.38527648155428734	0.017326509032655146	53.74036	53.74036	76.0
79.0		0.007173129398234299	0.44782076402305565	0.018425233089004078	55.86169	55.86169	79.0
82.0		0.01065557979385726	0.5090535406597058	0.019809354069723607	57.98302	57.98302	82.0
85.0		0.015299444373752443	0.5661487437052612	0.021539131586903446	60.104350000000004	60.104350000000004	85.0
88.0		0.021401179035458247	0.6162112841729536	0.02368358632447405	62.225680000000004	62.225680000000004	88.0
91.0		0.029299653363599278	0.656516359177949	0.026320717729643478	64.34701	64.34701	91.0
94.0		0.03937076889383313	0.6847537085557556	0.02953741829581373	66.46834	66.46834	94.0
97.0		0.052017390546208186	0.6992465522239664	0.03342900628233306	68.58967	68.58967	97.0
100.0		0.06765390187967327	0.699116395505669	0.038098299376052344	70.711	70.711	100.0
103.0		0.08668502901138841	0.6843711808514187	0.043654157604746724	72.83233	72.83233	103.0
106.0		0.10947906238259746	0.6559044855396898	0.050209435668444394	74.95366	74.95366	106.0
109.0		0.13633622269496165	0.6154058780506554	0.05787830341324713	77.07499	77.07499	109.0
112.0		0.16745362512798537	0.5651949387075343	0.06677291871143817	79.19632	79.19632	112.0
115.0		0.20288902683395726	0.5080016150786024	0.0769994693225935	81.31765	81.31765	115.0
118.0		0.24252620745675757	0.44672179366071224	0.08865363860305425	83.43898	83.43898	118.0
121.0		0.2860453285668587	0.3841783377060265	0.10181559277415417	85.56031	85.56031	121.0
124.0		0.33290184263170225	0.32291446208617774	0.11654463276720098	87.68164	87.68164	124.0
127.0		0.38231738830225886	0.2650391821276941	0.13287369874056715	89.80297	89.80297	127.0
130.0		0.4332855618326743	0.21213528946179375	0.1508039570188388	91.9243	91.9243	130.0
133.0		0.48459448730103377	0.16523069720591205	0.17029973392456668	94.04563	94.04563	133.0
136.0		0.5348667712121694	0.12482570207653204	0.19128408517083376	96.16696	96.16696	136.0
139.0		0.582615829580346	0.09096288878498304	0.21363529978131507	98.28829	98.28829	139.0
142.0		0.6263158790522738	0.06332356801576175	0.23718463105887883	100.40962	100.40962	142.0
145.0		0.6644812840832965	0.041334678195005754	0.26171552194099834	102.53095	102.53095	145.0
148.0		0.6957496553701797	0.024272390008598883	0.28696454730944376	104.65228	104.65228	148.0
151.0		0.7189622866452134	0.01135235831194523	0.31262423198171696	106.77361	106.77361	151.0
154.0		0.7332353344430439	0.001800753879355372	0.338347822224605	108.89494	108.89494	154.0
157.0		0.7380156523577209	-0.005095895228768093	0.3637559942360027	111.01627	111.01627	157.0
160.0		0.733116364128929	-0.00996093687462613	0.38844538007728285	113.1376	113.1376	160.0
163.0		0.7187289866254377	-0.013314751527459588	0.41199868608127393	115.25893	115.25893	163.0
166.0		0.6954110064819627	-0.015574690209750053	0.43399607763895826	117.38026	117.38026	166.0
169.0		0.6640500337357723	-0.017063526399164093	0.4540274145727049	119.50159000000001	119.50159000000001	169.0
172.0		0.6258077453670249	-0.018022631537422756	0.4717048498347442	121.62292000000001	121.62292000000001	172.0
175.0		0.5820485525549348	-0.018626888382632354	0.4866752569624774	123.74425000000001	123.74425000000001	175.0
178.0		0.534259090579218	-0.018999256193978745	0.4986319331132141	125.86558000000001	125.86558000000001	178.0
181.0		0.4839651286578565	-0.019223732398823377	0.5073250372799616	127.98691000000001	127.98691000000001	181.0
184.0		0.4326523062464155	-0.01935612472927717	0.5125702679909174	130.10824	130.10824	184.0
187.0		0.381696287236806	-0.01943252439705697	0.5142553596598208	132.22957	132.22957	187.0
190.0		0.33230662174665565	-0.019475665751779628	0.5123440777881245	134.3509	134.3509	190.0
193.0		0.2854870031847141	-0.019499505606028644	0.5068775144452996	136.47223	136.47223	193.0
196.0		0.24201291181644882	-0.019512398533488125	0.4979726193383389	138.59356	138.59356	196.0
199.0		0.2024260408921396	-0.01951922294798887	0.48581803980949867	140.71489	140.71489	199.0
202.0		0.16704356832567277	-0.019522758607761998	0.4706674764327553	142.83622	142.83622	202.0
205.0		0.13597937476225305	-0.01952455164721419	0.45283088104131336	144.95755	144.95755	205.0
208.0		0.10917376715702909	-0.019525441759248197	0.43266392356100775	147.07888	147.07888	208.0
211.0		0.08642813798571616	-0.019525874327209935	0.41055622708383466	149.20021	149.20021	211.0
214.0		0.06744121886242974	-0.019526080123113153	0.38691891333337897	151.32154	151.32154	214.0
217.0		0.051844086205859466	-0.019526175976673995	0.36217201143587585	153.44287	153.44287	217.0
220.0		0.03923174276868535	-0.019526219687008503	0.33673226239286524	155.5642	155.5642	220.0
223.0		0.029189829951595678	-0.019526239202452472	0.3110018026708634	157.68553	157.68553	223.0
226.0		0.021315732853248705	-0.019526247733536548	0.285358137518908	159.80686	159.80686	226.0
229.0		0.01523395571560693	-0.019526251385056002	0.26014572400289354	161.92819	161.92819	229.0
232.0		0.010606127968151687	-0.019526252915431197	0.2356693821412188	164.04952	164.04952	232.0
235.0		0.007136333400110739	-0.01952625354347169	0.21218964703015236	166.17085	166.17085	235.0
238.0		0.004572641020164402	-0.019526253795850355	0.18992007225422908	168.29218	168.29218	238.0
241.0		0.0027057751080446276	-0.019526253895162438	0.16902640120165685	170.41351	170.41351	241.0
244.0		0.001365822034166475	-0.019526253933431215	0.14962744300276842	172.53484	172.53484	244.0
247.0		4.17764012108679E-4	-0.019526253947871917	0.13179742712741635	174.65617	174.65617	247.0
250.0		-2.4351503443019863E-4	-0.01952625395320822	0.11556956714050087	176.7775	176.7775	250.0
253.0		-6.982635844988005E-4	-0.01952625395513934	0.10094054015098763	178.89883	178.89883	253.0
256.0		-0.0010065992636483867	-0.019526253955823723	0.08787558316845145	181.02016	181.02016	256.0
259.0		-0.0012127422989820413	-0.019526253956061255	0.0763139188465653	183.14149	183.14149	259.0
262.0		-0.0013486456489577095	-0.01952625395614199	0.06617424805711658	185.26282	185.26282	262.0
265.0		-0.0014370004963864063	-0.019526253956168867	0.05736008200212135	187.38415	187.38415	265.0
268.0		-0.0014936491501023454	-0.01952625395617763	0.049764728543277945	189.50548	189.50548	268.0
271.0		-0.0015294692194742605	-0.019526253956180427	0.043275792609659636	191.62681	191.62681	271.0
274.0		-0.0015518079260679943	-0.0195262539561813	0.03777909577047012	193.74814	193.74814	274.0
277.0		-0.0015655483531342989	-0.01952625395618157	0.03316196267083435	195.86947	195.86947	277.0
280.0		-0.0015738845447842262	-0.019526253956181648	0.029315859979717064	197.9908	197.9908	280.0
283.0		-0.0015788730907216172	-0.019526253956181672	0.026138405400168745	200.11213	200.11213	283.0
286.0		-0.0015818177272209528	-0.01952625395618168	0.023534789392021742	202.23346	202.23346	286.0
289.0		-0.001583532286717697	-0.019526253956181683	0.021418670380679287	204.35479	204.35479	289.0
292.0		-0.0015845170855107384	-0.019526253956181683	0.01971261567787417	206.47612	206.47612	292.0
RTBT_Diag:WS21

Name	X Fit	X RMS	Y Fit	Y RMS	Z Fit	Z RMS
-------	-----	-----	-----	-----	-----	-----
Area	31.45387716282431	30.568803791064457	35.331613622567595	30.1318017578125	30.88697008951219	29.978296736458336
Ampl	0.6602368189661157	0.6411132812500001	0.6520440893461422	0.64111328125	0.4516506237956541	0.4416015625
Mean	84.76779033215216	96.90900647553754	99.5396157121783	99.30455600905722	135.59913208515275	116.30244588160123
Sigma	19.0057281301782	13.02655744232731	21.617057403256155	16.03306850461543	27.28241174261255	18.322277413876606
Offset	-0.006951452255606048	0.002490234375	-0.02138820630785513	-0.008544921875	0.015112847105508259	0.0029296875
Slope	0.0	0.0	0.0	0.0	0.0	0.0

Position	X Raw	Y Raw	Z Raw
--------	-----	-----	-----
25.0		0.002734375	-0.00810546875	0.0029296875	17.67775	17.67775	25.0
28.0		0.00224609375	-0.008984375	0.0029296875	19.79908	19.79908	28.0
31.0		0.001953125	-0.0095703125	0.0017578125	21.92041	21.92041	31.0
34.0		0.00107421875	-0.009765625	0.001953125	24.04174	24.04174	34.0
37.0		0.00146484375	-0.00986328125	0.00224609375	26.16307	26.16307	37.0
40.0		6.8359375E-4	-0.01015625	0.0017578125	28.2844	28.2844	40.0
43.0		0.00126953125	-0.01025390625	0.00205078125	30.405730000000002	30.405730000000002	43.0
46.0		0.00107421875	-0.0107421875	0.00185546875	32.52706	32.52706	46.0
49.0		4.8828125E-4	-0.01064453125	0.00185546875	34.64839	34.64839	49.0
52.0		1.953125E-4	-0.01162109375	0.001171875	36.76972	36.76972	52.0
55.0		2.9296875E-4	-0.01123046875	0.00107421875	38.89105	38.89105	55.0
58.0		-3.90625E-4	-0.01123046875	8.7890625E-4	41.01238	41.01238	58.0
61.0		0.0	-0.0029296875	6.8359375E-4	43.13371	43.13371	61.0
64.0		2.9296875E-4	0.05048828125	4.8828125E-4	45.25504	45.25504	64.0
67.0		-6.8359375E-4	0.114453125	0.00126953125	47.37637	47.37637	67.0
70.0		0.0	0.19658203125	1.953125E-4	49.4977	49.4977	70.0
73.0		-0.0013671875	0.28828125	0.0	51.61903	51.61903	73.0
76.0		-0.001171875	0.36767578125	-4.8828125E-4	53.74036	53.74036	76.0
79.0		-0.001953125	0.42138671875	-1.953125E-4	55.86169	55.86169	79.0
82.0		-0.00146484375	0.4765625	-8.7890625E-4	57.98302	57.98302	82.0
85.0		-0.0029296875	0.51201171875	-0.001171875	60.104350000000004	60.104350000000004	85.0
88.0		-0.00263671875	0.55703125	-7.8125E-4	62.225680000000004	62.225680000000004	88.0
91.0		-0.00322265625	0.59208984375	-0.0013671875	64.34701	64.34701	91.0
94.0		0.0052734375	0.61494140625	-0.00126953125	66.46834	66.46834	94.0
97.0		0.03544921875	0.6234375	-3.90625E-4	68.58967	68.58967	97.0
100.0		0.09912109375	0.6240234375	9.765625E-4	70.711	70.711	100.0
103.0		0.2275390625	0.622265625	0.00634765625	72.83233	72.83233	103.0
106.0		0.39912109375	0.61201171875	0.0236328125	74.95366	74.95366	106.0
109.0		0.55986328125	0.5865234375	0.0462890625	77.07499	77.07499	109.0
112.0		0.655859375	0.5482421875	0.08232421875	79.19632	79.19632	112.0
115.0		0.70673828125	0.49208984375	0.1248046875	81.31765	81.31765	115.0
118.0		0.720703125	0.4439453125	0.20146484375	83.43898	83.43898	118.0
121.0		0.72294921875	0.39033203125	0.29287109375	85.56031	85.56031	121.0
124.0		0.70693359375	0.32744140625	0.376953125	87.68164	87.68164	124.0
127.0		0.6849609375	0.25	0.4328125	89.80297	89.80297	127.0
130.0		0.66591796875	0.165625	0.46357421875	91.9243	91.9243	130.0
133.0		0.65087890625	0.07919921875	0.4822265625	94.04563	94.04563	133.0
136.0		0.64609375	0.017578125	0.4837890625	96.16696	96.16696	136.0
139.0		0.6462890625	-0.0068359375	0.4958984375	98.28829	98.28829	139.0
142.0		0.6564453125	-0.0119140625	0.494921875	100.40962	100.40962	142.0
145.0		0.66591796875	-0.01162109375	0.4880859375	102.53095	102.53095	145.0
148.0		0.69052734375	-0.01162109375	0.4783203125	104.65228	104.65228	148.0
151.0		0.70546875	-0.01123046875	0.47041015625	106.77361	106.77361	151.0
154.0		0.7166015625	-0.01015625	0.46201171875	108.89494	108.89494	154.0
157.0		0.71201171875	-0.01025390625	0.45078125	111.01627	111.01627	157.0
160.0		0.6794921875	-0.009375	0.45107421875	113.1376	113.1376	160.0
163.0		0.6228515625	-0.00947265625	0.45009765625	115.25893	115.25893	163.0
166.0		0.50078125	-0.00927734375	0.4474609375	117.38026	117.38026	166.0
169.0		0.33408203125	-0.00947265625	0.4396484375	119.50159000000001	119.50159000000001	169.0
172.0		0.197265625	-0.00869140625	0.44345703125	121.62292000000001	121.62292000000001	172.0
175.0		0.0994140625	-0.008203125	0.45166015625	123.74425000000001	123.74425000000001	175.0
178.0		0.0373046875	-0.00830078125	0.4583984375	125.86558000000001	125.86558000000001	178.0
181.0		0.00947265625	-0.00791015625	0.46708984375	127.98691000000001	127.98691000000001	181.0
184.0		-6.8359375E-4	-0.00849609375	0.479296875	130.10824	130.10824	184.0
187.0		-0.00322265625	-0.00791015625	0.48955078125	132.22957	132.22957	187.0
190.0		-0.00283203125	-0.0072265625	0.502734375	134.3509	134.3509	190.0
193.0		-0.00263671875	-0.007421875	0.503125	136.47223	136.47223	193.0
196.0		-0.001953125	-0.00712890625	0.49755859375	138.59356	138.59356	196.0
199.0		-0.0029296875	-0.0076171875	0.4689453125	140.71489	140.71489	199.0
202.0		-0.0021484375	-0.00732421875	0.43583984375	142.83622	142.83622	202.0
205.0		-0.00146484375	-0.00673828125	0.37685546875	144.95755	144.95755	205.0
208.0		-0.001171875	-0.0072265625	0.31181640625	147.07888	147.07888	208.0
211.0		-3.90625E-4	-0.00634765625	0.237890625	149.20021	149.20021	211.0
214.0		-7.8125E-4	-0.00654296875	0.1548828125	151.32154	151.32154	214.0
217.0		-1.953125E-4	-0.0060546875	0.0896484375	153.44287	153.44287	217.0
220.0		-4.8828125E-4	-0.00625	0.04140625	155.5642	155.5642	220.0
223.0		9.765625E-5	-0.00654296875	0.0173828125	157.68553	157.68553	223.0
226.0		-1.953125E-4	-0.00625	0.00263671875	159.80686	159.80686	226.0
229.0		8.7890625E-4	-0.0056640625	-0.00224609375	161.92819	161.92819	229.0
232.0		2.9296875E-4	-0.00634765625	-0.00478515625	164.04952	164.04952	232.0
235.0		7.8125E-4	-0.005859375	-0.00380859375	166.17085	166.17085	235.0
238.0		2.9296875E-4	-0.0064453125	-0.0037109375	168.29218	168.29218	238.0
241.0		0.0017578125	-0.00556640625	-0.00341796875	170.41351	170.41351	241.0
244.0		0.0013671875	-0.0060546875	-0.00361328125	172.53484	172.53484	244.0
247.0		0.00185546875	-0.00546875	-0.0029296875	174.65617	174.65617	247.0
250.0		0.00146484375	-0.00546875	-0.0021484375	176.7775	176.7775	250.0
253.0		0.00126953125	-0.0064453125	-0.0025390625	178.89883	178.89883	253.0
256.0		0.001953125	-0.00556640625	-0.00234375	181.02016	181.02016	256.0
259.0		0.0025390625	-0.00556640625	-0.00126953125	183.14149	183.14149	259.0
262.0		0.00185546875	-0.005859375	-0.00126953125	185.26282	185.26282	262.0
265.0		0.00224609375	-0.00595703125	-0.00146484375	187.38415	187.38415	265.0
268.0		0.00302734375	-0.00537109375	-3.90625E-4	189.50548	189.50548	268.0
271.0		0.0025390625	-0.00595703125	-0.00166015625	191.62681	191.62681	271.0
274.0		0.00302734375	-0.0056640625	-9.765625E-4	193.74814	193.74814	274.0
277.0		0.00341796875	-0.005859375	-9.765625E-4	195.86947	195.86947	277.0
280.0		0.00302734375	-0.00615234375	-0.00107421875	197.9908	197.9908	280.0
283.0		0.0037109375	-0.0052734375	4.8828125E-4	200.11213	200.11213	283.0
286.0		0.0037109375	-0.00556640625	2.9296875E-4	202.23346	202.23346	286.0
289.0		-0.00361328125	-0.006640625	-0.001953125	204.35479	204.35479	289.0
292.0		0.00419921875	-0.0056640625	5.859375E-4	206.47612	206.47612	292.0

Position	X Fit	Y Fit	Z Fit
--------	-----	-----	-----
25.0		-0.005208750305907063	-0.01951543710791153	0.014836578462041826	17.67775	17.67775	25.0
28.0		-0.004589919992037677	-0.018493000607595386	0.014852290548953302	19.79908	19.79908	28.0
31.0		-0.0037131292754361265	-0.016942279791375088	0.014873746640264618	21.92041	21.92041	31.0
34.0		-0.002487565186646251	-0.014639334682965261	0.014902860142493394	24.04174	24.04174	34.0
37.0		-7.976755107847863E-4	-0.011291120597763177	0.014942111958793794	26.16307	26.16307	37.0
40.0		0.001500725495080125	-0.006526383323465227	0.014994694376468486	28.2844	28.2844	40.0
43.0		0.004583892682167982	1.0897847338205494E-4	0.015064683491550176	30.405730000000002	30.405730000000002	43.0
46.0		0.00866263273679134	0.009149191002866808	0.015157243396936854	32.52706	32.52706	46.0
49.0		0.013983236204711265	0.021195410235405023	0.01527886497195873	34.64839	34.64839	49.0
52.0		0.02082618554419074	0.03688918629005403	0.015437641423301946	36.76972	36.76972	52.0
55.0		0.02950193961481015	0.05687059394042486	0.015643581676708	38.89105	38.89105	55.0
58.0		0.04034313944651895	0.08172063261585365	0.015908961245687903	41.01238	41.01238	58.0
61.0		0.05369271475135275	0.11188979029506266	0.01624870825627805	43.13371	43.13371	61.0
64.0		0.0698876087789464	0.14761745859081155	0.0166808198499198	45.25504	45.25504	64.0
67.0		0.08923818391267506	0.18884980930419584	0.017226801207728508	47.37637	47.37637	67.0
70.0		0.11200381102554263	0.23516627036917204	0.01791211595869167	49.4977	49.4977	70.0
73.0		0.13836565466585954	0.28572626645562865	0.018766632812378108	51.61903	51.61903	73.0
76.0		0.16839819904087808	0.33924784948346937	0.01982504900288732	53.74036	53.74036	76.0
79.0		0.20204155679890562	0.39402784926406387	0.021127266709380768	55.86169	55.86169	79.0
82.0		0.23907699401447285	0.4480091500078076	0.02271869425274204	57.98302	57.98302	82.0
85.0		0.27910831873653674	0.4988949715555027	0.024650439839636083	60.104350000000004	60.104350000000004	85.0
88.0		0.32155175328771507	0.5443033421982351	0.026979362270462975	62.225680000000004	62.225680000000004	88.0
91.0		0.3656365977911448	0.5819483512275744	0.029767940726062855	64.34701	64.34701	91.0
94.0		0.4104183793198139	0.6098294617466262	0.033083924906115766	66.46834	66.46834	94.0
97.0		0.45480528992580727	0.6264072431777176	0.03699972782038642	68.58967	68.58967	97.0
100.0		0.4975976100900184	0.6307440927581518	0.041591526817239585	70.711	70.711	100.0
103.0		0.5375385916645632	0.6225920566583376	0.046938044297414716	72.83233	72.83233	103.0
106.0		0.5733740642864572	0.6024163072853574	0.05311898823280975	74.95366	74.95366	106.0
109.0		0.6039169733006355	0.5713511843663036	0.06021314418219818	77.07499	77.07499	109.0
112.0		0.6281122923843568	0.5310945788433051	0.06829612488884726	79.19632	79.19632	112.0
115.0		0.645097392725894	0.4837543393939186	0.07743780047743064	81.31765	81.31765	115.0
118.0		0.6542530629025968	0.43166601846732205	0.08769945123555849	83.43898	83.43898	118.0
121.0		0.6552409746146478	0.377203810000627	0.09913070523534814	85.56031	85.56031	121.0
124.0		0.6480244339114769	0.3226057308616661	0.111766343669511	87.68164	87.68164	124.0
127.0		0.6328706433528015	0.2698303447728869	0.1256230765998221	89.80297	89.80297	127.0
130.0		0.6103342806627645	0.22045649742120088	0.14069640955596294	91.9243	91.9243	130.0
133.0		0.5812238009520464	0.17563077881528544	0.15695773571672994	94.04563	94.04563	133.0
136.0		0.5465533167207249	0.13606093259594487	0.17435179789993183	96.16696	96.16696	136.0
139.0		0.5074840474527018	0.1020481672275254	0.19279466803474363	98.28829	98.28829	139.0
142.0		0.4652600443697462	0.0735479070245105	0.21217238815326597	100.40962	100.40962	142.0
145.0		0.42114312628395845	0.050247150498434895	0.2323404054905071	102.53095	102.53095	145.0
148.0		0.37635171025435926	0.03164709677628201	0.25312391470131324	104.65228	104.65228	148.0
151.0		0.3320075437566221	0.0171415998264063	0.27431919264262894	106.77361	106.77361	151.0
154.0		0.2890933470638059	0.006084721776761941	0.2956959763055754	108.89494	108.89494	154.0
157.0		0.24842318834470153	-0.002156410553871179	0.3170008935232562	111.01627	111.01627	157.0
160.0		0.21062618201337158	-0.008164571565948991	0.33796191074177834	113.1376	113.1376	160.0
163.0		0.17614295602532004	-0.012450260632469241	0.3582937145757685	115.25893	115.25893	163.0
166.0		0.1452333837822297	-0.015442047650613099	0.3777038965572515	117.38026	117.38026	166.0
169.0		0.11799339300424559	-0.01748643727451268	0.39589976609722116	119.50159000000001	119.50159000000001	169.0
172.0		0.09437827923142941	-0.018854165367338943	0.41259557790169127	121.62292000000001	121.62292000000001	172.0
175.0		0.07422985905630715	-0.019750167689981116	0.4275199294459167	123.74425000000001	123.74425000000001	175.0
178.0		0.05730495958056987	-0.020325016401004797	0.4404230637954327	125.86558000000001	125.86558000000001	178.0
181.0		0.04330309585796285	-0.02068624967126054	0.4510838047421628	127.98691000000001	127.98691000000001	181.0
184.0		0.031891666374533854	-0.020908611545875967	0.4593158559177119	130.10824	130.10824	184.0
187.0		0.022727526842896525	-0.02104270722185198	0.4649732135227167	132.22957	132.22957	187.0
190.0		0.015474322046937564	-0.02112193729719327	0.4679544730400268	134.3509	134.3509	190.0
193.0		0.00981541565884905	-0.02116780651287976	0.4682058524585814	136.47223	136.47223	193.0
196.0		0.005462627307756078	-0.02119382848630884	0.4657228060769009	138.59356	138.59356	196.0
199.0		0.002161250080359411	-0.021208295389334428	0.4605501612279143	140.71489	140.71489	199.0
202.0		-3.080198212117996E-4	-0.021216177698952704	0.45278077217933443	142.83622	142.83622	202.0
205.0		-0.0021295450830633384	-0.021220386882271285	0.44255274768612135	144.95755	144.95755	205.0
208.0		-0.003454916065445859	-0.021222589963126304	0.43004536785348435	147.07888	147.07888	208.0
211.0		-0.00440620710964606	-0.021223720204704335	0.41547385895977174	149.20021	149.20021	211.0
214.0		-0.005079799784958731	-0.02122428858466117	0.39908323894212455	151.32154	151.32154	214.0
217.0		-0.0055503655487877165	-0.021224568772833782	0.3811414791952143	153.44287	153.44287	217.0
220.0		-0.0058747129854963605	-0.02122470417326544	0.3619322487131133	155.5642	155.5642	220.0
223.0		-0.006095306837579882	-0.02122476831843712	0.34174751373815027	157.68553	157.68553	223.0
226.0		-0.006243351417586152	-0.021224798110115975	0.32088026009244525	159.80686	159.80686	226.0
229.0		-0.006341397262127664	-0.021224811675294716	0.2996175871456113	161.92819	161.92819	229.0
232.0		-0.006405477346707732	-0.021224817731034233	0.2782343934772339	164.04952	164.04952	232.0
235.0		-0.006446809898883672	-0.02122482038155232	0.25698783682683984	166.17085	166.17085	235.0
238.0		-0.006473121863442865	-0.02122482151898671	0.23611270736495008	168.29218	168.29218	238.0
241.0		-0.006489653719338157	-0.02122482199757642	0.21581780633972805	170.41351	170.41351	241.0
244.0		-0.006499905786963153	-0.021224822195023443	0.1962833744406041	172.53484	172.53484	244.0
247.0		-0.006506181109176031	-0.021224822274895774	0.17765956830055268	174.65617	174.65617	247.0
250.0		-0.0065099725787933676	-0.021224822306577462	0.16006594165412194	176.7775	176.7775	250.0
253.0		-0.0065122337712587765	-0.021224822318899824	0.1435918515802342	178.89883	178.89883	253.0
256.0		-0.0065135649504598474	-0.021224822323599415	0.12829768129231434	181.02016	181.02016	256.0
259.0		-0.0065143385469702015	-0.021224822325356985	0.11421674986726656	183.14149	183.14149	259.0
262.0		-0.006514782340292071	-0.02122482232600154	0.10135776637618298	185.26282	185.26282	262.0
265.0		-0.00651503367010836	-0.021224822326233333	0.08970768085340683	187.38415	187.38415	265.0
268.0		-0.006515174181787233	-0.021224822326315076	0.07923478675820611	189.50548	189.50548	268.0
271.0		-0.0065152517339048775	-0.021224822326343346	0.06989193805695809	191.62681	191.62681	271.0
274.0		-0.006515293990543042	-0.02122482232635293	0.06161975756683506	193.74814	193.74814	274.0
277.0		-0.0065153167217795035	-0.02122482232635612	0.05434973041293428	195.86947	195.86947	277.0
280.0		-0.0065153287939237305	-0.02122482232635716	0.04800709599168751	197.9908	197.9908	280.0
283.0		-0.0065153351236517925	-0.021224822326357494	0.042513472397194205	200.11213	200.11213	283.0
286.0		-0.006515338400306512	-0.021224822326357598	0.03778916767878657	202.23346	202.23346	286.0
289.0		-0.006515340074966702	-0.02122482232635763	0.03375515156660457	204.35479	204.35479	289.0
292.0		-0.006515340920008547	-0.02122482232635764	0.030334678652315063	206.47612	206.47612	292.0
RTBT_Diag:WS20

Name	X Fit	X RMS	Y Fit	Y RMS	Z Fit	Z RMS
-------	-----	-----	-----	-----	-----	-----
Area	29.380641143433884	30.86103564306641	35.88317054039595	30.683706054687505	30.781036429554096	28.269667390771485
Ampl	0.41536485334949813	0.4314453125	0.6622752319738562	0.6337890625	0.6915455303853758	0.63310546875
Mean	70.99697799363402	89.79287345773176	102.74735179105582	104.52412650303796	141.35811636709602	130.03568968542453
Sigma	28.218998027633273	20.101204214393224	21.615354451280734	16.02896817961315	17.75711985222827	11.40042239821787
Offset	-0.0010808933804102973	-0.0056640625	-0.012583463033036655	1.4648437499999997E-4	0.008909052032854773	-7.32421875E-4
Slope	0.0	0.0	0.0	0.0	0.0	0.0

Position	X Raw	Y Raw	Z Raw
--------	-----	-----	-----
25.0		-0.00546875	6.8359375E-4	-2.9296875E-4	17.67775	17.67775	25.0
28.0		-0.005859375	-3.90625E-4	-0.001171875	19.79908	19.79908	28.0
31.0		-0.00625	9.765625E-5	-0.0015625	21.92041	21.92041	31.0
34.0		-0.00634765625	0.0	-0.00126953125	24.04174	24.04174	34.0
37.0		-0.00693359375	-3.90625E-4	-0.00185546875	26.16307	26.16307	37.0
40.0		-0.00751953125	-5.859375E-4	-0.00126953125	28.2844	28.2844	40.0
43.0		-0.0078125	-0.00107421875	-0.00185546875	30.405730000000002	30.405730000000002	43.0
46.0		-0.0080078125	-0.0013671875	-0.00185546875	32.52706	32.52706	46.0
49.0		-0.00791015625	-0.0015625	-0.0021484375	34.64839	34.64839	49.0
52.0		-0.008203125	-0.0017578125	-0.00224609375	36.76972	36.76972	52.0
55.0		-0.0087890625	-0.0025390625	-0.00224609375	38.89105	38.89105	55.0
58.0		-0.008203125	-0.00283203125	-0.00224609375	41.01238	41.01238	58.0
61.0		-0.00625	-0.0029296875	-0.00263671875	43.13371	43.13371	61.0
64.0		-1.953125E-4	-0.00234375	-0.00224609375	45.25504	45.25504	64.0
67.0		0.01201171875	0.0123046875	-0.0029296875	47.37637	47.37637	67.0
70.0		0.036328125	0.0732421875	-0.0033203125	49.4977	49.4977	70.0
73.0		0.077734375	0.15751953125	-0.002734375	51.61903	51.61903	73.0
76.0		0.128125	0.24423828125	-0.00341796875	53.74036	53.74036	76.0
79.0		0.206640625	0.32607421875	-0.0037109375	55.86169	55.86169	79.0
82.0		0.29326171875	0.387890625	-0.00400390625	57.98302	57.98302	82.0
85.0		0.366796875	0.44921875	-0.004296875	60.104350000000004	60.104350000000004	85.0
88.0		0.43017578125	0.49755859375	-0.00439453125	62.225680000000004	62.225680000000004	88.0
91.0		0.4583984375	0.543359375	-0.005078125	64.34701	64.34701	91.0
94.0		0.47412109375	0.584765625	-0.0046875	66.46834	66.46834	94.0
97.0		0.47763671875	0.61982421875	-0.005078125	68.58967	68.58967	97.0
100.0		0.48515625	0.64365234375	-0.0048828125	70.711	70.711	100.0
103.0		0.483203125	0.6458984375	-0.0056640625	72.83233	72.83233	103.0
106.0		0.47294921875	0.63408203125	-0.0056640625	74.95366	74.95366	106.0
109.0		0.46845703125	0.6376953125	-0.00595703125	77.07499	77.07499	109.0
112.0		0.462109375	0.61650390625	-0.006640625	79.19632	79.19632	112.0
115.0		0.44892578125	0.59599609375	-0.006640625	81.31765	81.31765	115.0
118.0		0.4400390625	0.54716796875	-0.0072265625	83.43898	83.43898	118.0
121.0		0.433203125	0.5046875	-0.006640625	85.56031	85.56031	121.0
124.0		0.42744140625	0.45849609375	-0.0076171875	87.68164	87.68164	124.0
127.0		0.4201171875	0.403125	-0.00771484375	89.80297	89.80297	127.0
130.0		0.42470703125	0.33271484375	-0.0080078125	91.9243	91.9243	130.0
133.0		0.42666015625	0.24365234375	-0.00830078125	94.04563	94.04563	133.0
136.0		0.43203125	0.14560546875	-0.009375	96.16696	96.16696	136.0
139.0		0.44453125	0.07099609375	-0.0087890625	98.28829	98.28829	139.0
142.0		0.45146484375	0.01279296875	-0.0064453125	100.40962	100.40962	142.0
145.0		0.45927734375	-0.00126953125	0.0115234375	102.53095	102.53095	145.0
148.0		0.46826171875	-0.003125	0.06015625	104.65228	104.65228	148.0
151.0		0.46982421875	-0.0029296875	0.175390625	106.77361	106.77361	151.0
154.0		0.4751953125	-0.00263671875	0.34873046875	108.89494	108.89494	154.0
157.0		0.46953125	-0.00263671875	0.52822265625	111.01627	111.01627	157.0
160.0		0.457421875	-0.00224609375	0.63056640625	113.1376	113.1376	160.0
163.0		0.44072265625	-0.001953125	0.67548828125	115.25893	115.25893	163.0
166.0		0.40830078125	-0.0013671875	0.7064453125	117.38026	117.38026	166.0
169.0		0.3595703125	-0.0013671875	0.7111328125	119.50159000000001	119.50159000000001	169.0
172.0		0.2826171875	-5.859375E-4	0.694140625	121.62292000000001	121.62292000000001	172.0
175.0		0.2125	-7.8125E-4	0.67607421875	123.74425000000001	123.74425000000001	175.0
178.0		0.14970703125	-1.953125E-4	0.654296875	125.86558000000001	125.86558000000001	178.0
181.0		0.0935546875	2.9296875E-4	0.6435546875	127.98691000000001	127.98691000000001	181.0
184.0		0.0517578125	2.9296875E-4	0.631640625	130.10824	130.10824	184.0
187.0		0.02470703125	1.953125E-4	0.62841796875	132.22957	132.22957	187.0
190.0		0.0080078125	7.8125E-4	0.64609375	134.3509	134.3509	190.0
193.0		-0.00283203125	8.7890625E-4	0.6767578125	136.47223	136.47223	193.0
196.0		-0.00712890625	8.7890625E-4	0.71142578125	138.59356	138.59356	196.0
199.0		-0.00947265625	8.7890625E-4	0.7396484375	140.71489	140.71489	199.0
202.0		-0.0087890625	6.8359375E-4	0.741796875	142.83622	142.83622	202.0
205.0		-0.00849609375	0.0013671875	0.69931640625	144.95755	144.95755	205.0
208.0		-0.00849609375	6.8359375E-4	0.634765625	147.07888	147.07888	208.0
211.0		-0.0083984375	0.0015625	0.5146484375	149.20021	149.20021	211.0
214.0		-0.00859375	0.00185546875	0.33037109375	151.32154	151.32154	214.0
217.0		-0.00751953125	0.00244140625	0.158984375	153.44287	153.44287	217.0
220.0		-0.0078125	0.00244140625	0.04599609375	155.5642	155.5642	220.0
223.0		-0.00751953125	0.00244140625	0.00537109375	157.68553	157.68553	223.0
226.0		-0.0068359375	0.0025390625	-0.00966796875	159.80686	159.80686	226.0
229.0		-0.0064453125	0.00283203125	-0.01005859375	161.92819	161.92819	229.0
232.0		-0.0072265625	0.0029296875	-0.01044921875	164.04952	164.04952	232.0
235.0		-0.00673828125	0.00283203125	-0.01005859375	166.17085	166.17085	235.0
238.0		-0.00654296875	0.001953125	-0.01005859375	168.29218	168.29218	238.0
241.0		-0.0064453125	0.00283203125	-0.00966796875	170.41351	170.41351	241.0
244.0		-0.0068359375	0.00224609375	-0.00947265625	172.53484	172.53484	244.0
247.0		-0.00595703125	0.002734375	-0.00849609375	174.65617	174.65617	247.0
250.0		-0.00615234375	0.0029296875	-0.0087890625	176.7775	176.7775	250.0
253.0		-0.005859375	0.00244140625	-0.00849609375	178.89883	178.89883	253.0
256.0		-0.0056640625	0.00244140625	-0.008203125	181.02016	181.02016	256.0
259.0		-0.0052734375	0.00263671875	-0.00771484375	183.14149	183.14149	259.0
262.0		-0.00546875	0.00302734375	-0.00791015625	185.26282	185.26282	262.0
265.0		-0.00556640625	0.0029296875	-0.0072265625	187.38415	187.38415	265.0
268.0		-0.00458984375	0.00322265625	-0.0064453125	189.50548	189.50548	268.0
271.0		-0.0056640625	0.003125	-0.00673828125	191.62681	191.62681	271.0
274.0		-0.00537109375	0.003125	-0.0064453125	193.74814	193.74814	274.0
277.0		-0.00517578125	0.00283203125	-0.00654296875	195.86947	195.86947	277.0
280.0		-0.00478515625	0.00302734375	-0.00654296875	197.9908	197.9908	280.0
283.0		-0.00478515625	0.0029296875	-0.0060546875	200.11213	200.11213	283.0
286.0		-0.00498046875	0.00244140625	-0.00576171875	202.23346	202.23346	286.0
289.0		-0.00537109375	0.00224609375	-0.0064453125	204.35479	204.35479	289.0
292.0		-0.00498046875	0.0033203125	-0.0052734375	206.47612	206.47612	292.0

Position	X Fit	Y Fit	Z Fit
--------	-----	-----	-----
25.0		0.0685796014638613	-0.011556106578124965	0.00875469934708008	17.67775	17.67775	25.0
28.0		0.07899379240013282	-0.01090720108984509	0.008754699372861103	19.79908	19.79908	28.0
31.0		0.09044434279388477	-0.009900609768985004	0.008754699430212403	21.92041	21.92041	31.0
34.0		0.10294105227236601	-0.008371483438642916	0.008754699555948622	24.04174	24.04174	34.0
37.0		0.11647620306422317	-0.006096970826370496	0.008754699827621726	26.16307	26.16307	37.0
40.0		0.13102236002313175	-0.0027847769086096954	0.008754700406113126	28.2844	28.2844	40.0
43.0		0.14653046860992003	0.0019363189625556283	0.00875470162007699	30.405730000000002	30.405730000000002	43.0
46.0		0.16292835763328958	0.008521599768896918	0.008754704130618874	32.52706	32.52706	46.0
49.0		0.18011975016486081	0.017508291152293978	0.008754709247154253	34.64839	34.64839	49.0
52.0		0.19798387732462883	0.029503022949852742	0.008754719523172418	36.76972	36.76972	52.0
55.0		0.21637577540341704	0.04515591877028783	0.008754739861128187	38.89105	38.89105	55.0
58.0		0.23512732718058588	0.06511919893672362	0.008754779526912445	41.01238	41.01238	58.0
61.0		0.2540490837709187	0.0899897520806609	0.008754855759981143	43.13371	43.13371	61.0
64.0		0.27293287469454414	0.12023741391973224	0.008755000131381075	45.25504	45.25504	64.0
67.0		0.29155518222814847	0.15612350554045304	0.00875526954565209	47.37637	47.37637	67.0
70.0		0.309681222862935	0.19761716242581623	0.008755764941487918	49.4977	49.4977	70.0
73.0		0.3270696454762666	0.24431960434961897	0.008756662507599655	51.61903	51.61903	73.0
76.0		0.3434777243587405	0.2954081420390873	0.008758264838430172	53.74036	53.74036	76.0
79.0		0.35866689729202367	0.34961180502310507	0.00876108320907091	55.86169	55.86169	79.0
82.0		0.37240847612644074	0.4052285942732504	0.008765967391449333	57.98302	57.98302	82.0
85.0		0.3844893412461113	0.46019041111220493	0.008774306511395737	60.104350000000004	60.104350000000004	85.0
88.0		0.39471742311672076	0.5121759927767301	0.008788333642093485	62.225680000000004	62.225680000000004	88.0
91.0		0.40292677457780157	0.5587654172378984	0.008811578253106432	64.34701	64.34701	91.0
94.0		0.4089820469983143	0.5976229839975649	0.008849524060857901	66.46834	66.46834	94.0
97.0		0.4127822016919418	0.6266897495937966	0.008910544487765692	68.58967	68.58967	97.0
100.0		0.4142633144105043	0.644363826460212	0.009007202276056092	70.711	70.711	100.0
103.0		0.41340036414432996	0.6496465311477886	0.009158011223658603	72.83233	72.83233	103.0
106.0		0.4102079362823998	0.6422358396065055	0.009389762684884399	74.95366	74.95366	106.0
109.0		0.4047398125190772	0.6225549833388172	0.009740512285383396	77.07499	77.07499	109.0
112.0		0.3970874636198089	0.591712419868102	0.010263297003250911	79.19632	79.19632	112.0
115.0		0.38737750407136323	0.5513984444358263	0.011030602549973971	81.31765	81.31765	115.0
118.0		0.3757682075889503	0.5037318579269274	0.012139519431466034	83.43898	83.43898	118.0
121.0		0.3624452174608058	0.4510760302687185	0.013717408640274039	85.56031	85.56031	121.0
124.0		0.3476166141089906	0.39584650823939993	0.015927743870061715	87.68164	87.68164	124.0
127.0		0.33150752275950823	0.34033172988490484	0.018975611643182254	89.80297	89.80297	127.0
130.0		0.3143544559383284	0.2865447729595607	0.02311214699514609	91.9243	91.9243	130.0
133.0		0.2963995883385322	0.23611824524401603	0.028636983007512083	94.04563	94.04563	133.0
136.0		0.27788515563870797	0.1902475830345027	0.03589762982614304	96.16696	96.16696	136.0
139.0		0.25904815476891835	0.14968136588308617	0.04528461316906744	98.28829	98.28829	139.0
142.0		0.2401155020057813	0.11475179291729538	0.05722123809588882	100.40962	100.40962	142.0
145.0		0.22129977854762034	0.08543485336199709	0.07214704298041458	102.53095	102.53095	145.0
148.0		0.20279566251452147	0.06142819188851011	0.0904944023035772	104.65228	104.65228	148.0
151.0		0.18477711339064257	0.04223505562301663	0.11265833566156486	106.77361	106.77361	151.0
154.0		0.16739534153362343	0.027244562739154467	0.13896036528561376	108.89494	108.89494	154.0
157.0		0.15077756317265106	0.015801253865329636	0.16960818040140796	111.01627	111.01627	157.0
160.0		0.1350265117644964	0.007259871689832139	0.20465382130669557	113.1376	113.1376	160.0
163.0		0.12022065087433755	0.0010240592157982238	0.24395396396191044	115.25893	115.25893	163.0
166.0		0.106415012782863	-0.0034301618754491326	0.28713652214349594	117.38026	117.38026	166.0
169.0		0.09364257134530758	-0.006543827192452285	0.333578043682369	119.50159000000001	119.50159000000001	169.0
172.0		0.0819160474585875	-0.00867435152077876	0.38239613950989004	121.62292000000001	121.62292000000001	172.0
175.0		0.07123004073212433	-0.010101589379604765	0.43246037919910457	123.74425000000001	123.74425000000001	175.0
178.0		0.061563381233396226	-0.011037797289527642	0.4824237171656887	125.86558000000001	125.86558000000001	178.0
181.0		0.05288159989455477	-0.01163921563134627	0.5307746684439699	127.98691000000001	127.98691000000001	181.0
184.0		0.04513942456243232	-0.012017627366898405	0.5759083069129954	130.10824	130.10824	184.0
187.0		0.03828321989229143	-0.012250857750409527	0.6162119578238271	132.22957	132.22957	187.0
190.0		0.032253302429481136	-0.012391683494091886	0.6501594869531573	134.3509	134.3509	190.0
193.0		0.02698607641527239	-0.012474993017739279	0.676406636447401	136.47223	136.47223	193.0
196.0		0.022415950282483384	-0.012523283136571396	0.6938791614104868	138.59356	138.59356	196.0
199.0		0.018477007765428183	-0.01255071181361149	0.7018457311932608	140.71489	140.71489	199.0
202.0		0.015104420458279874	-0.012565979153047037	0.6999687048261085	142.83622	142.83622	202.0
205.0		0.012235600079463602	-0.01257430752469739	0.6883278685757502	144.95755	144.95755	205.0
208.0		0.009811098345524781	-0.01257876017995032	0.6674148102184013	147.07888	147.07888	208.0
211.0		0.007775270072765122	-0.01258109343508954	0.6380984827516213	149.20021	149.20021	211.0
214.0		0.006076720879818049	-0.012582291856881781	0.6015653189052043	151.32154	151.32154	214.0
217.0		0.004668564735221835	-0.01258289522167037	0.5592396465749462	153.44287	153.44287	217.0
220.0		0.003508518739424456	-0.012583192997919863	0.5126918376126621	155.5642	155.5642	220.0
223.0		0.002558863167971352	-0.012583337061997095	0.4635424172547001	157.68553	157.68553	223.0
226.0		0.0017862941854267873	-0.012583405388854147	0.4133702166389769	159.80686	159.80686	226.0
229.0		0.001161695036654757	-0.01258343715838216	0.363631644164825	161.92819	161.92819	229.0
232.0		6.598491996668992E-4	-0.01258345164030317	0.3155964709264676	164.04952	164.04952	232.0
235.0		2.5911619179727684E-4	-0.012583458112464327	0.2703034332543143	166.17085	166.17085	235.0
238.0		-5.891231919129833E-5	-0.012583460948365268	0.22853674290916332	168.29218	168.29218	238.0
241.0		-3.097615467926505E-4	-0.012583462166685627	0.190822538104126	170.41351	170.41351	241.0
244.0		-5.064162149541624E-4	-0.0125834626798661	0.1574426279517413	172.53484	172.53484	244.0
247.0		-6.596480400459469E-4	-0.012583462891812369	0.12846172228212732	174.65617	174.65617	247.0
250.0		-7.783218362531174E-4	-0.012583462977641907	0.10376375332088482	176.7775	176.7775	250.0
253.0		-8.696761983939868E-4	-0.012583463011722796	0.08309285841222987	178.89883	178.89883	253.0
256.0		-9.395765477126184E-4	-0.012583463024992324	0.06609501173103972	181.02016	181.02016	256.0
259.0		-9.927398080711292E-4	-0.012583463030058467	0.052357034810689665	183.14149	183.14149	259.0
262.0		-0.001032931130935223	-0.0125834630319551	0.04144063292478929	185.26282	185.26282	262.0
265.0		-0.0010631339379855672	-0.012583463032651373	0.03291005745118185	187.38415	187.38415	265.0
268.0		-0.001085695137627537	-0.012583463032902024	0.026352869453708624	189.50548	189.50548	268.0
271.0		-0.0011024477370064965	-0.012583463032990507	0.021393998321565633	191.62681	191.62681	271.0
274.0		-0.001114813255591036	-0.01258346303302114	0.01770381059739749	193.74814	193.74814	274.0
277.0		-0.0011238863892415638	-0.012583463033031537	0.015001221313989493	195.86947	195.86947	277.0
280.0		-0.0011305043106934426	-0.012583463033035	0.013053012774852449	197.9908	197.9908	280.0
283.0		-0.0011353028548301473	-0.012583463033036129	0.011670510103653615	200.11213	200.11213	283.0
286.0		-0.0011387616513577354	-0.012583463033036492	0.010704642861866346	202.23346	202.23346	286.0
289.0		-0.0011412400549094875	-0.012583463033036604	0.01004024105724536	204.35479	204.35479	289.0
292.0		-0.0011430054998936173	-0.012583463033036639	0.009590209547683262	206.47612	206.47612	292.0

PVLoggerID = 61561132